"Plot Title: Yurung MSS"
"#","Date Time, GMT+06:00","Temp, °F (LGR S/N: 10364439, SEN S/N: 10344945, LBL: Temperature)","RH, % (LGR S/N: 10364439, SEN S/N: 10344945, LBL: Relative Humidity)","Water Content, m³/m³ (LGR S/N: 10364439, SEN S/N: 10346467, LBL: Soil Moisture)","Wind Speed, mph (LGR S/N: 10364439, SEN S/N: 10349699, LBL: Wind Speed)","Gust Speed, mph (LGR S/N: 10364439, SEN S/N: 10349699, LBL: Wind Guest)","Wind Direction, ø (LGR S/N: 10364439, SEN S/N: 10349741, LBL: Wind Direction)","PAR, uE (LGR S/N: 10364439, SEN S/N: 10349868, LBL: Photosynthetic Radiation)","Rain, in (LGR S/N: 10364439, SEN S/N: 10364403, LBL: Rainfall)","Batt, V (LGR S/N: 10364439)"
1,02/25/16 10:35:54 AM,64.760,53.800,0.2505,0.56,5.08,207.8,1331.2,,4.363
2,02/25/16 10:45:54 AM,64.717,50.700,0.2528,1.12,7.90,169.9,1388.7,0.000,4.351
3,02/25/16 10:55:54 AM,66.686,48.500,0.2528,1.12,4.50,196.5,1421.2,0.000,4.387
4,02/25/16 11:05:54 AM,63.475,48.400,0.2528,2.82,8.46,160.0,1431.2,0.000,4.369
5,02/25/16 11:15:54 AM,65.359,48.700,0.2532,2.82,9.01,161.5,1478.7,0.000,4.357
6,02/25/16 11:25:54 AM,64.589,50.100,0.2532,2.26,7.90,189.5,1513.7,0.000,4.351
7,02/25/16 11:35:54 AM,65.230,49.600,0.2532,2.26,9.01,157.2,1531.2,0.000,4.369
8,02/25/16 11:45:54 AM,65.359,47.400,0.2532,1.70,7.31,151.6,1503.7,0.000,4.357
9,02/25/16 11:55:54 AM,64.418,45.200,0.2532,3.94,11.27,175.5,1506.2,0.000,4.351
10,02/25/16 12:05:54 PM,66.173,48.900,0.2532,3.94,10.69,185.3,1511.2,0.000,4.369
11,02/25/16 12:15:54 PM,67.158,49.100,0.2532,2.82,10.13,176.9,1548.7,0.000,4.357
12,02/25/16 12:25:54 PM,65.102,48.500,0.2532,2.26,9.01,181.1,1541.2,0.000,4.351
13,02/25/16 12:35:54 PM,65.230,49.400,0.2528,3.38,9.57,176.9,1511.2,0.000,4.363
14,02/25/16 12:45:54 PM,64.204,51.400,0.2528,4.50,11.83,175.5,1498.7,0.000,4.351
15,02/25/16 12:55:54 PM,64.845,52.100,0.2528,3.94,7.90,181.1,1388.7,0.000,4.363
16,02/25/16 01:05:54 PM,65.574,51.900,0.2528,2.82,7.90,189.5,1456.2,0.000,4.357
17,02/25/16 01:15:54 PM,64.632,52.400,0.2528,4.50,10.13,153.0,1428.7,0.000,4.363
18,02/25/16 01:25:54 PM,65.916,53.600,0.2528,3.94,9.57,137.6,1361.2,0.000,4.357
19,02/25/16 01:35:54 PM,63.819,53.000,0.2528,3.94,9.01,136.2,1166.2,0.000,4.351
20,02/25/16 01:45:54 PM,63.732,53.800,0.2528,2.26,7.90,144.6,833.7,0.000,4.363
21,02/25/16 01:55:54 PM,65.403,54.700,0.2532,2.26,8.46,151.6,941.2,0.000,4.357
22,02/25/16 02:05:54 PM,62.875,55.700,0.2528,3.94,12.95,115.1,673.7,0.000,4.363
23,02/25/16 02:15:54 PM,62.661,58.100,0.2528,5.64,12.95,116.5,768.7,0.000,4.357
24,02/25/16 02:25:54 PM,63.561,58.800,0.2528,5.64,11.83,144.6,983.7,0.000,4.351
25,02/25/16 02:35:54 PM,61.205,58.900,0.2524,5.64,11.27,143.2,653.7,0.000,4.363
26,02/25/16 02:45:54 PM,60.861,62.800,0.2528,5.64,10.69,143.2,313.7,0.000,4.351
27,02/25/16 02:55:54 PM,60.474,64.200,0.2528,5.64,11.27,146.0,271.2,0.000,4.363
28,02/25/16 03:05:54 PM,61.506,64.300,0.2528,6.76,13.51,141.8,518.7,0.000,4.363
29,02/25/16 03:15:54 PM,61.419,62.800,0.2524,4.50,11.83,158.6,461.2,0.000,4.351
30,02/25/16 03:25:54 PM,63.604,62.400,0.2524,5.08,12.95,158.6,646.2,0.000,4.363
31,02/25/16 03:35:54 PM,61.891,61.500,0.2520,5.08,11.83,153.0,641.2,0.000,4.357
32,02/25/16 03:45:54 PM,62.276,63.800,0.2520,4.50,12.95,151.6,513.7,0.000,4.375
33,02/25/16 03:55:54 PM,61.891,61.800,0.2520,4.50,9.01,157.2,578.7,0.000,4.363
34,02/25/16 04:05:54 PM,60.561,63.300,0.2516,5.08,11.83,167.1,338.7,0.000,4.351
35,02/25/16 04:15:54 PM,60.647,64.300,0.2516,4.50,12.39,164.3,353.7,0.000,4.363
36,02/25/16 04:25:54 PM,60.303,64.600,0.2516,4.50,10.69,157.2,298.7,0.000,4.351
37,02/25/16 04:35:54 PM,59.916,65.000,0.2516,5.64,11.27,154.4,256.2,0.000,4.369
38,02/25/16 04:45:54 PM,59.702,65.700,0.2516,4.50,10.13,148.8,238.7,0.000,4.363
39,02/25/16 04:55:54 PM,59.659,66.500,0.2516,3.94,9.57,140.4,203.7,0.000,4.351
40,02/25/16 05:05:54 PM,59.056,66.800,0.2512,3.38,8.46,144.6,143.7,0.000,4.351
41,02/25/16 05:15:54 PM,58.755,67.700,0.2512,4.50,10.13,139.0,101.2,0.000,4.345
42,02/25/16 05:25:54 PM,58.109,69.100,0.2512,3.94,9.01,140.4,68.7,0.000,4.345
43,02/25/16 05:35:54 PM,57.722,69.800,0.2512,5.08,10.69,144.6,46.2,0.000,4.339
44,02/25/16 05:45:54 PM,57.160,71.600,0.2512,5.08,9.01,139.0,23.7,0.000,4.339
45,02/25/16 05:55:54 PM,56.469,73.200,0.2512,3.94,9.01,134.8,8.7,0.000,4.339
46,02/25/16 06:05:54 PM,55.863,74.700,0.2512,3.94,8.46,123.5,1.2,0.000,4.339
47,02/25/16 06:15:54 PM,55.647,75.900,0.2512,3.38,6.76,123.5,1.2,0.000,4.333
48,02/25/16 06:25:54 PM,54.734,77.000,0.2512,2.82,5.64,113.7,1.2,0.000,4.333
49,02/25/16 06:35:54 PM,54.430,78.500,0.2512,2.82,5.64,126.4,1.2,0.000,4.333
50,02/25/16 06:45:54 PM,54.561,78.900,0.2512,2.82,6.20,137.6,1.2,0.000,4.333
51,02/25/16 06:55:54 PM,53.820,79.100,0.2512,1.12,3.94,139.0,1.2,0.000,4.327
52,02/25/16 07:05:54 PM,52.992,79.700,0.2512,1.70,5.64,147.4,1.2,0.000,4.327
53,02/25/16 07:15:54 PM,53.209,80.600,0.2512,2.26,5.08,147.4,1.2,0.000,4.321
54,02/25/16 07:25:54 PM,52.992,81.000,0.2512,2.26,3.94,146.0,1.2,0.000,4.321
55,02/25/16 07:35:54 PM,53.253,80.900,0.2512,2.26,5.08,146.0,1.2,0.000,4.321
56,02/25/16 07:45:54 PM,53.298,80.300,0.2512,2.26,6.20,136.2,1.2,0.000,4.321
57,02/25/16 07:55:54 PM,52.860,81.000,0.2512,2.26,4.50,136.2,1.2,0.000,4.321
58,02/25/16 08:05:54 PM,51.940,80.900,0.2516,1.12,3.94,134.8,1.2,0.000,4.321
59,02/25/16 08:15:54 PM,52.729,81.700,0.2516,1.70,3.94,134.8,1.2,0.000,4.321
60,02/25/16 08:25:54 PM,52.160,81.800,0.2516,1.12,3.38,134.8,1.2,0.000,4.321
61,02/25/16 08:35:54 PM,51.501,83.000,0.2516,1.12,2.82,139.0,1.2,0.000,4.321
62,02/25/16 08:45:54 PM,52.246,83.000,0.2516,1.70,3.38,140.4,1.2,0.000,4.315
63,02/25/16 08:55:54 PM,52.335,82.900,0.2516,1.70,3.38,140.4,1.2,0.000,4.315
64,02/25/16 09:05:54 PM,52.509,83.300,0.2516,2.26,3.38,140.4,1.2,0.000,4.315
65,02/25/16 09:15:54 PM,52.291,84.000,0.2516,1.70,3.38,140.4,1.2,0.000,4.315
66,02/25/16 09:25:54 PM,51.895,84.800,0.2516,1.70,3.94,140.4,1.2,0.000,4.309
67,02/25/16 09:35:54 PM,51.809,85.900,0.2516,1.12,2.82,140.4,1.2,0.000,4.309
68,02/25/16 09:45:54 PM,52.029,85.300,0.2516,1.12,2.82,140.4,1.2,0.000,4.309
69,02/25/16 09:55:54 PM,52.335,85.000,0.2516,1.70,3.94,140.4,1.2,0.000,4.309
70,02/25/16 10:05:54 PM,52.203,85.000,0.2520,0.56,2.26,141.8,1.2,0.000,4.303
71,02/25/16 10:15:54 PM,52.203,85.000,0.2516,0.00,4.50,141.8,1.2,0.000,4.303
72,02/25/16 10:25:54 PM,52.029,84.700,0.2516,1.70,3.94,148.8,1.2,0.000,4.303
73,02/25/16 10:35:54 PM,51.809,84.800,0.2520,1.12,2.82,151.6,1.2,0.000,4.303
74,02/25/16 10:45:54 PM,50.974,85.200,0.2516,1.70,2.82,151.6,1.2,0.000,4.303
75,02/25/16 10:55:54 PM,51.017,85.600,0.2516,1.12,2.82,151.6,1.2,0.000,4.303
76,02/25/16 11:05:54 PM,51.062,85.100,0.2520,1.70,4.50,144.6,1.2,0.000,4.303
77,02/25/16 11:15:54 PM,50.047,85.900,0.2520,1.12,2.82,144.6,1.2,0.000,4.303
78,02/25/16 11:25:54 PM,50.709,86.600,0.2520,1.12,2.82,144.6,1.2,0.000,4.303
79,02/25/16 11:35:54 PM,51.237,85.900,0.2520,0.56,2.26,144.6,1.2,0.000,4.303
80,02/25/16 11:45:54 PM,50.974,85.000,0.2520,0.56,2.26,144.6,1.2,0.000,4.303
81,02/25/16 11:55:54 PM,51.458,84.900,0.2520,0.00,1.70,144.6,1.2,0.000,4.297
82,02/26/16 12:05:54 AM,50.180,85.700,0.2520,1.12,3.38,144.6,1.2,0.000,4.297
83,02/26/16 12:15:54 AM,50.047,86.600,0.2520,1.70,2.82,144.6,1.2,0.000,4.297
84,02/26/16 12:25:54 AM,50.092,87.000,0.2520,1.70,3.38,144.6,1.2,0.000,4.297
85,02/26/16 12:35:54 AM,50.356,87.100,0.2520,1.12,2.82,144.6,1.2,0.000,4.297
86,02/26/16 12:45:54 AM,50.223,87.100,0.2520,1.12,2.82,144.6,1.2,0.000,4.297
87,02/26/16 12:55:54 AM,49.737,87.300,0.2524,1.12,3.38,144.6,1.2,0.000,4.297
88,02/26/16 01:05:54 AM,49.825,87.900,0.2520,1.12,2.26,146.0,1.2,0.000,4.297
89,02/26/16 01:15:54 AM,50.135,87.600,0.2520,1.12,2.82,146.0,1.2,0.000,4.297
90,02/26/16 01:25:54 AM,49.870,87.700,0.2524,1.12,2.26,146.0,1.2,0.000,4.297
91,02/26/16 01:35:54 AM,49.825,88.100,0.2524,1.12,3.94,146.0,1.2,0.000,4.291
92,02/26/16 01:45:54 AM,49.914,87.700,0.2524,1.70,3.94,147.4,1.2,0.000,4.291
93,02/26/16 01:55:54 AM,49.870,88.300,0.2524,0.56,2.26,147.4,1.2,0.000,4.291
94,02/26/16 02:05:54 AM,50.002,87.700,0.2524,1.12,2.82,147.4,1.2,0.000,4.291
95,02/26/16 02:15:54 AM,50.268,87.200,0.2524,1.12,3.38,146.0,1.2,0.000,4.291
96,02/26/16 02:25:54 AM,49.561,87.200,0.2520,1.12,2.82,146.0,1.2,0.000,4.327
97,02/26/16 02:35:54 AM,49.028,88.100,0.2524,1.12,3.38,146.0,1.2,0.000,4.321
98,02/26/16 02:45:54 AM,48.983,88.800,0.2524,0.56,2.26,146.0,1.2,0.000,4.321
99,02/26/16 02:55:54 AM,48.983,88.800,0.2524,0.56,2.82,146.0,1.2,0.000,4.291
100,02/26/16 03:05:54 AM,50.180,87.900,0.2524,0.56,2.82,146.0,1.2,0.000,4.291
101,02/26/16 03:15:54 AM,48.938,87.100,0.2524,0.56,2.82,146.0,1.2,0.000,4.291
102,02/26/16 03:25:54 AM,49.028,87.800,0.2524,1.12,2.82,146.0,1.2,0.000,4.291
103,02/26/16 03:35:54 AM,49.073,87.700,0.2524,0.56,2.26,146.0,1.2,0.000,4.291
104,02/26/16 03:45:54 AM,48.493,88.000,0.2524,1.12,2.26,146.0,1.2,0.000,4.291
105,02/26/16 03:55:54 AM,48.762,88.300,0.2524,1.12,2.26,146.0,1.2,0.000,4.291
106,02/26/16 04:05:54 AM,49.782,88.500,0.2524,1.70,3.38,146.0,1.2,0.000,4.291
107,02/26/16 04:15:54 AM,48.227,87.400,0.2524,1.12,3.38,146.0,1.2,0.000,4.291
108,02/26/16 04:25:54 AM,48.983,89.500,0.2524,0.56,2.26,146.0,1.2,0.000,4.291
109,02/26/16 04:35:54 AM,48.762,87.800,0.2524,0.56,2.26,146.0,1.2,0.000,4.291
110,02/26/16 04:45:54 AM,47.959,89.000,0.2524,1.12,2.82,146.0,1.2,0.000,4.291
111,02/26/16 04:55:54 AM,48.272,89.300,0.2524,0.56,2.26,146.0,1.2,0.000,4.291
112,02/26/16 05:05:54 AM,48.538,88.700,0.2524,0.56,1.70,146.0,1.2,0.000,4.291
113,02/26/16 05:15:54 AM,48.182,88.800,0.2524,1.12,2.26,146.0,1.2,0.000,4.291
114,02/26/16 05:25:54 AM,48.094,89.200,0.2524,1.12,2.26,146.0,1.2,0.000,4.291
115,02/26/16 05:35:54 AM,47.781,89.000,0.2528,0.56,2.82,146.0,1.2,0.000,4.291
116,02/26/16 05:45:54 AM,48.315,89.900,0.2524,1.12,2.26,146.0,1.2,0.000,4.291
117,02/26/16 05:55:54 AM,48.272,88.100,0.2524,0.56,2.82,147.4,1.2,0.000,4.291
118,02/26/16 06:05:54 AM,49.604,86.300,0.2528,0.56,2.82,160.0,1.2,0.000,4.291
119,02/26/16 06:15:54 AM,49.161,83.600,0.2528,0.56,1.70,160.0,1.2,0.000,4.285
120,02/26/16 06:25:54 AM,47.557,85.200,0.2528,1.12,2.82,160.0,3.7,0.000,4.285
121,02/26/16 06:35:54 AM,48.538,86.900,0.2528,1.12,3.38,158.6,16.2,0.000,4.285
122,02/26/16 06:45:54 AM,48.895,85.500,0.2528,0.56,2.82,150.2,36.2,0.000,4.285
123,02/26/16 06:55:54 AM,49.782,82.800,0.2528,0.00,3.38,151.6,63.7,0.000,4.291
124,02/26/16 07:05:54 AM,50.886,81.800,0.2528,0.00,1.12,151.6,91.2,0.000,4.309
125,02/26/16 07:15:54 AM,50.974,80.700,0.2528,0.00,0.56,151.6,118.7,0.000,4.333
126,02/26/16 07:25:54 AM,51.282,80.700,0.2528,0.00,1.70,151.6,148.7,0.000,4.351
127,02/26/16 07:35:54 AM,53.166,78.500,0.2528,1.12,3.94,132.0,188.7,0.000,4.430
128,02/26/16 07:45:54 AM,55.863,76.800,0.2528,0.00,2.26,120.7,323.7,0.000,4.375
129,02/26/16 07:55:54 AM,56.901,73.700,0.2524,0.00,2.26,92.7,408.7,0.000,4.363
130,02/26/16 08:05:54 AM,56.295,74.300,0.2524,0.00,2.82,328.5,476.2,0.000,4.442
131,02/26/16 08:15:54 AM,57.463,75.000,0.2520,0.00,2.82,4.2,523.7,0.000,4.375
132,02/26/16 08:25:54 AM,58.195,73.300,0.2520,0.00,2.26,25.3,558.7,0.000,4.363
133,02/26/16 08:35:54 AM,57.160,74.500,0.2520,0.00,2.26,5.6,603.7,0.000,4.357
134,02/26/16 08:45:54 AM,59.401,74.400,0.2516,0.00,1.70,1.4,688.7,0.000,4.363
135,02/26/16 08:55:54 AM,59.486,72.200,0.2516,0.00,3.38,355.2,756.2,0.000,4.381
136,02/26/16 09:05:54 AM,59.702,72.400,0.2516,0.56,3.38,339.7,893.7,0.000,4.369
137,02/26/16 09:15:54 AM,58.541,71.400,0.2512,1.12,4.50,328.5,883.7,0.000,4.363
138,02/26/16 09:25:54 AM,60.003,71.700,0.2512,1.12,3.94,318.7,1023.7,0.000,4.351
139,02/26/16 09:35:54 AM,61.032,68.900,0.2509,0.56,3.38,314.5,1043.7,0.000,4.381
140,02/26/16 09:45:54 AM,62.148,66.700,0.2509,1.12,3.94,317.3,1123.7,0.000,4.369
141,02/26/16 09:55:54 AM,61.506,64.200,0.2509,1.70,5.08,313.1,1176.2,0.000,4.357
142,02/26/16 10:05:54 AM,62.490,64.400,0.2505,1.70,4.50,324.3,1206.2,0.000,4.351
143,02/26/16 10:15:54 AM,63.219,61.100,0.2509,1.12,4.50,334.1,1186.2,0.000,4.369
144,02/26/16 10:25:54 AM,63.648,59.200,0.2509,1.70,5.08,332.7,1216.2,0.000,4.363
145,02/26/16 10:35:54 AM,62.620,59.200,0.2509,1.12,4.50,331.3,1133.7,0.000,4.351
146,02/26/16 10:45:54 AM,63.689,61.100,0.2509,0.56,3.94,351.0,836.2,0.000,4.363
147,02/26/16 10:55:54 AM,64.931,59.500,0.2509,1.70,8.46,150.2,821.2,0.000,4.357
148,02/26/16 11:05:54 AM,63.732,58.200,0.2512,1.70,6.76,126.4,678.7,0.000,4.363
149,02/26/16 11:15:54 AM,64.546,58.300,0.2509,1.70,7.31,122.1,841.2,0.000,4.381
150,02/26/16 11:25:54 AM,63.347,59.800,0.2512,0.56,5.08,71.6,643.7,0.000,4.369
151,02/26/16 11:35:54 AM,65.102,57.000,0.2512,3.38,8.46,155.8,996.2,0.000,4.363
152,02/26/16 11:45:54 AM,65.959,54.800,0.2509,3.38,10.13,148.8,1321.2,0.000,4.351
153,02/26/16 11:55:54 AM,67.285,54.800,0.2509,3.94,10.69,154.4,1191.2,0.000,4.363
154,02/26/16 12:05:54 PM,68.099,53.700,0.2509,2.82,7.90,144.6,1268.7,0.000,4.351
155,02/26/16 12:15:54 PM,67.372,52.400,0.2509,3.38,10.13,154.4,1288.7,0.000,4.363
156,02/26/16 12:25:54 PM,67.285,51.700,0.2509,2.82,7.90,148.8,1233.7,0.000,4.351
157,02/26/16 12:35:54 PM,69.085,51.200,0.2509,2.82,8.46,158.6,1381.2,0.000,4.406
158,02/26/16 12:45:54 PM,67.671,50.600,0.2505,3.38,8.46,162.9,1291.2,0.000,4.357
159,02/26/16 12:55:54 PM,67.714,51.100,0.2509,3.94,9.01,198.0,1366.2,0.000,4.351
160,02/26/16 01:05:54 PM,67.071,50.800,0.2505,4.50,10.69,181.1,1388.7,0.000,4.369
161,02/26/16 01:15:54 PM,66.729,52.200,0.2509,4.50,11.27,179.7,1361.2,0.000,4.345
162,02/26/16 01:25:54 PM,67.158,53.000,0.2509,2.82,9.57,167.1,1361.2,0.000,4.363
163,02/26/16 01:35:54 PM,68.785,52.900,0.2505,3.94,11.27,186.7,1471.2,0.000,4.351
164,02/26/16 01:45:54 PM,67.071,52.100,0.2505,5.64,14.09,179.7,1408.7,0.000,4.369
165,02/26/16 01:55:54 PM,66.515,52.900,0.2509,6.20,13.51,172.7,1291.2,0.000,4.351
166,02/26/16 02:05:54 PM,65.658,54.400,0.2509,5.64,13.51,161.5,856.2,0.000,4.363
167,02/26/16 02:15:54 PM,64.803,55.400,0.2509,3.94,9.57,169.9,748.7,0.000,4.363
168,02/26/16 02:25:54 PM,64.845,56.400,0.2509,4.50,12.95,183.9,651.2,0.000,4.351
169,02/26/16 02:35:54 PM,64.247,55.200,0.2509,5.08,11.27,160.0,691.2,0.000,4.363
170,02/26/16 02:45:54 PM,64.033,56.200,0.2509,5.64,12.95,176.9,571.2,0.000,4.351
171,02/26/16 02:55:54 PM,63.990,55.900,0.2509,4.50,11.27,172.7,541.2,0.000,4.363
172,02/26/16 03:05:54 PM,63.903,56.500,0.2505,5.08,11.27,162.9,581.2,0.000,4.357
173,02/26/16 03:15:54 PM,64.033,56.600,0.2505,3.94,11.83,165.7,528.7,0.000,4.363
174,02/26/16 03:25:54 PM,64.074,56.800,0.2505,5.08,12.39,162.9,713.7,0.000,4.363
175,02/26/16 03:35:54 PM,64.845,56.900,0.2505,3.38,7.90,162.9,603.7,0.000,4.351
176,02/26/16 03:45:54 PM,63.390,57.300,0.2502,3.38,10.13,165.7,463.7,0.000,4.363
177,02/26/16 03:55:54 PM,64.117,56.900,0.2502,3.38,7.31,165.7,598.7,0.000,4.357
178,02/26/16 04:05:54 PM,62.791,58.500,0.2502,3.38,8.46,155.8,336.2,0.000,4.363
179,02/26/16 04:15:54 PM,62.577,60.000,0.2502,2.82,6.20,151.6,326.2,0.000,4.363
180,02/26/16 04:25:54 PM,62.276,60.900,0.2502,3.94,7.31,148.8,258.7,0.000,4.357
181,02/26/16 04:35:54 PM,62.276,61.100,0.2502,3.38,8.46,164.3,258.7,0.000,4.357
182,02/26/16 04:45:54 PM,61.677,61.700,0.2498,3.38,7.31,158.6,228.7,0.000,4.363
183,02/26/16 04:55:54 PM,60.991,62.900,0.2498,2.26,6.76,144.6,138.7,0.000,4.357
184,02/26/16 05:05:54 PM,59.830,64.000,0.2498,2.26,5.64,146.0,98.7,0.000,4.351
185,02/26/16 05:15:54 PM,59.959,64.300,0.2498,3.38,7.90,150.2,83.7,0.000,4.345
186,02/26/16 05:25:54 PM,58.885,64.400,0.2498,1.12,5.64,141.8,68.7,0.000,4.345
187,02/26/16 05:35:54 PM,58.498,65.000,0.2498,3.38,6.20,127.8,43.7,0.000,4.339
188,02/26/16 05:45:54 PM,56.988,66.600,0.2498,2.26,5.08,130.6,26.2,0.000,4.339
189,02/26/16 05:55:54 PM,57.636,67.300,0.2498,3.94,6.20,130.6,11.2,0.000,4.339
190,02/26/16 06:05:54 PM,57.290,68.400,0.2498,2.26,5.08,136.2,1.2,0.000,4.333
191,02/26/16 06:15:54 PM,56.469,70.100,0.2498,2.26,5.64,124.9,1.2,0.000,4.333
192,02/26/16 06:25:54 PM,56.815,71.000,0.2498,3.38,7.31,133.4,1.2,0.000,4.333
193,02/26/16 06:35:54 PM,55.819,71.700,0.2498,3.38,7.31,137.6,1.2,0.000,4.333
194,02/26/16 06:45:54 PM,54.995,73.400,0.2498,1.70,3.94,146.0,1.2,0.000,4.333
195,02/26/16 06:55:54 PM,54.691,74.500,0.2498,2.26,4.50,143.2,1.2,0.000,4.327
196,02/26/16 07:05:54 PM,55.733,74.200,0.2498,1.70,5.08,148.8,1.2,0.000,4.321
197,02/26/16 07:15:54 PM,55.733,72.100,0.2498,1.12,3.38,150.2,1.2,0.000,4.321
198,02/26/16 07:25:54 PM,55.386,71.600,0.2498,1.12,3.94,150.2,1.2,0.000,4.321
199,02/26/16 07:35:54 PM,55.081,70.400,0.2498,2.26,5.08,144.6,1.2,0.000,4.321
200,02/26/16 07:45:54 PM,55.949,67.500,0.2498,2.26,5.08,136.2,1.2,0.000,4.321
201,02/26/16 07:55:54 PM,54.734,67.300,0.2498,1.70,3.94,139.0,1.2,0.000,4.321
202,02/26/16 08:05:54 PM,54.952,68.500,0.2498,2.26,5.64,141.8,1.2,0.000,4.321
203,02/26/16 08:15:54 PM,53.951,70.700,0.2498,1.70,3.94,137.6,1.2,0.000,4.321
204,02/26/16 08:25:54 PM,53.515,74.000,0.2502,1.70,3.38,143.2,1.2,0.000,4.321
205,02/26/16 08:35:54 PM,53.121,76.100,0.2502,1.70,3.38,144.6,1.2,0.000,4.321
206,02/26/16 08:45:54 PM,54.126,76.000,0.2498,2.82,5.08,144.6,1.2,0.000,4.315
207,02/26/16 08:55:54 PM,53.472,75.200,0.2502,2.26,4.50,144.6,1.2,0.000,4.315
208,02/26/16 09:05:54 PM,52.860,76.800,0.2502,1.70,3.38,144.6,1.2,0.000,4.315
209,02/26/16 09:15:54 PM,54.473,77.900,0.2502,1.70,3.38,144.6,1.2,0.000,4.315
210,02/26/16 09:25:54 PM,53.908,77.100,0.2502,1.70,3.38,144.6,1.2,0.000,4.315
211,02/26/16 09:35:54 PM,54.255,77.600,0.2502,2.26,4.50,143.2,1.2,0.000,4.309
212,02/26/16 09:45:54 PM,54.255,77.200,0.2502,2.26,5.08,137.6,1.2,0.000,4.309
213,02/26/16 09:55:54 PM,52.729,78.700,0.2502,1.70,3.38,140.4,1.2,0.000,4.303
214,02/26/16 10:05:54 PM,52.860,79.300,0.2502,1.70,3.38,141.8,1.2,0.000,4.303
215,02/26/16 10:15:54 PM,51.809,78.300,0.2502,1.12,2.82,143.2,1.2,0.000,4.303
216,02/26/16 10:25:54 PM,51.764,78.500,0.2502,0.56,2.82,143.2,1.2,0.000,4.303
217,02/26/16 10:35:54 PM,52.335,75.200,0.2502,0.56,2.82,144.6,1.2,0.000,4.303
218,02/26/16 10:45:54 PM,51.237,74.300,0.2502,0.56,3.38,154.4,1.2,0.000,4.303
219,02/26/16 10:55:54 PM,52.466,75.200,0.2502,1.12,4.50,153.0,1.2,0.000,4.303
220,02/26/16 11:05:54 PM,53.865,71.500,0.2505,2.82,5.08,137.6,1.2,0.000,4.303
221,02/26/16 11:15:54 PM,55.213,69.700,0.2502,2.82,6.20,136.2,1.2,0.000,4.303
222,02/26/16 11:25:54 PM,53.865,71.100,0.2502,0.56,2.82,134.8,1.2,0.000,4.303
223,02/26/16 11:35:54 PM,55.386,69.100,0.2502,1.12,4.50,143.2,1.2,0.000,4.297
224,02/26/16 11:45:54 PM,55.168,67.100,0.2502,1.12,3.38,190.9,1.2,0.000,4.297
225,02/26/16 11:55:54 PM,53.951,68.000,0.2502,0.00,2.26,190.9,1.2,0.000,4.297
226,02/27/16 12:05:54 AM,54.255,69.000,0.2502,0.00,1.70,189.5,1.2,0.000,4.297
227,02/27/16 12:15:54 AM,54.473,67.700,0.2502,0.00,1.70,189.5,1.2,0.000,4.297
228,02/27/16 12:25:54 AM,53.645,68.100,0.2502,0.00,1.70,189.5,1.2,0.000,4.297
229,02/27/16 12:35:54 AM,53.341,69.500,0.2502,0.00,1.70,189.5,1.2,0.000,4.297
230,02/27/16 12:45:54 AM,53.121,70.000,0.2502,0.00,1.70,189.5,1.2,0.000,4.297
231,02/27/16 12:55:54 AM,53.253,70.500,0.2502,1.12,2.26,176.9,1.2,0.000,4.297
232,02/27/16 01:05:54 AM,52.072,71.400,0.2498,0.56,2.26,160.0,1.2,0.000,4.297
233,02/27/16 01:15:54 AM,51.678,71.800,0.2498,0.56,2.26,160.0,1.2,0.000,4.297
234,02/27/16 01:25:54 AM,50.445,73.500,0.2498,0.56,2.26,161.5,1.2,0.000,4.297
235,02/27/16 01:35:54 AM,51.325,73.100,0.2498,1.12,2.82,161.5,1.2,0.000,4.297
236,02/27/16 01:45:54 AM,51.148,71.800,0.2498,1.12,2.82,161.5,1.2,0.000,4.297
237,02/27/16 01:55:54 AM,51.193,71.700,0.2502,1.12,2.26,161.5,1.2,0.000,4.297
238,02/27/16 02:05:54 AM,50.533,71.800,0.2502,1.70,3.38,161.5,1.2,0.000,4.297
239,02/27/16 02:15:54 AM,50.752,72.800,0.2502,1.70,3.38,161.5,1.2,0.000,4.297
240,02/27/16 02:25:54 AM,50.400,72.700,0.2502,1.70,3.94,160.0,1.2,0.000,4.291
241,02/27/16 02:35:54 AM,50.268,73.300,0.2502,1.12,2.26,160.0,1.2,0.000,4.297
242,02/27/16 02:45:54 AM,50.841,72.400,0.2502,1.12,3.38,157.2,1.2,0.000,4.291
243,02/27/16 02:55:54 AM,50.223,73.200,0.2502,0.56,3.38,148.8,1.2,0.000,4.291
244,02/27/16 03:05:54 AM,49.870,73.500,0.2505,0.56,2.82,151.6,1.2,0.000,4.291
245,02/27/16 03:15:54 AM,49.825,73.900,0.2505,1.12,2.82,151.6,1.2,0.000,4.291
246,02/27/16 03:25:54 AM,49.825,74.700,0.2505,2.26,3.94,151.6,1.2,0.000,4.291
247,02/27/16 03:35:54 AM,48.938,75.600,0.2505,1.70,3.38,154.4,1.2,0.000,4.291
248,02/27/16 03:45:54 AM,50.002,75.600,0.2505,0.56,2.26,155.8,1.2,0.000,4.291
249,02/27/16 03:55:54 AM,49.604,73.900,0.2505,1.12,2.82,155.8,1.2,0.000,4.291
250,02/27/16 04:05:54 AM,49.073,75.600,0.2505,1.70,2.82,155.8,1.2,0.000,4.291
251,02/27/16 04:15:54 AM,48.672,77.000,0.2505,1.70,3.38,157.2,1.2,0.000,4.291
252,02/27/16 04:25:54 AM,49.116,77.100,0.2509,1.70,3.38,164.3,1.2,0.000,4.291
253,02/27/16 04:35:54 AM,48.938,76.400,0.2505,1.70,2.82,164.3,1.2,0.000,4.291
254,02/27/16 04:45:54 AM,48.583,77.200,0.2505,1.70,3.38,162.9,1.2,0.000,4.291
255,02/27/16 04:55:54 AM,48.405,78.000,0.2505,1.70,2.82,164.3,1.2,0.000,4.291
256,02/27/16 05:05:54 AM,48.762,77.700,0.2505,1.12,2.82,164.3,1.2,0.000,4.291
257,02/27/16 05:15:54 AM,48.538,77.600,0.2509,1.70,3.38,164.3,1.2,0.000,4.291
258,02/27/16 05:25:54 AM,49.561,77.200,0.2509,1.70,3.38,164.3,1.2,0.000,4.291
259,02/27/16 05:35:54 AM,48.895,75.600,0.2509,1.12,2.82,162.9,1.2,0.000,4.291
260,02/27/16 05:45:54 AM,48.227,77.600,0.2509,1.12,2.26,162.9,1.2,0.000,4.291
261,02/27/16 05:55:54 AM,48.805,77.300,0.2509,1.12,2.82,162.9,1.2,0.000,4.291
262,02/27/16 06:05:54 AM,49.383,76.500,0.2509,1.12,2.82,162.9,1.2,0.000,4.291
263,02/27/16 06:15:54 AM,49.073,75.300,0.2509,1.12,2.26,162.9,1.2,0.000,4.291
264,02/27/16 06:25:54 AM,49.073,76.000,0.2509,1.12,2.26,162.9,6.2,0.000,4.291
265,02/27/16 06:35:54 AM,48.137,77.000,0.2509,1.12,2.82,162.9,21.2,0.000,4.291
266,02/27/16 06:45:54 AM,48.137,78.900,0.2509,1.12,2.82,162.9,41.2,0.000,4.291
267,02/27/16 06:55:54 AM,48.983,78.600,0.2509,1.12,2.82,162.9,66.2,0.000,4.291
268,02/27/16 07:05:54 AM,49.959,76.800,0.2509,0.56,2.26,162.9,86.2,0.000,4.303
269,02/27/16 07:15:54 AM,49.604,76.500,0.2509,1.12,2.26,162.9,108.7,0.000,4.321
270,02/27/16 07:25:54 AM,50.047,76.700,0.2509,0.56,1.70,162.9,128.7,0.000,4.339
271,02/27/16 07:35:54 AM,52.160,75.600,0.2509,0.56,2.26,162.9,196.2,0.000,4.369
272,02/27/16 07:45:54 AM,54.865,72.000,0.2509,0.56,3.38,132.0,391.2,0.000,4.387
273,02/27/16 07:55:54 AM,56.512,69.300,0.2509,0.00,1.12,108.1,456.2,0.000,4.369
274,02/27/16 08:05:54 AM,58.325,67.100,0.2509,0.00,1.70,108.1,523.7,0.000,4.363
275,02/27/16 08:15:54 AM,60.346,63.300,0.2509,0.00,1.70,109.5,593.7,0.000,4.387
276,02/27/16 08:25:54 AM,59.959,61.900,0.2509,0.56,4.50,91.3,666.2,0.000,4.369
277,02/27/16 08:35:54 AM,60.517,61.100,0.2505,0.56,3.94,98.3,733.7,0.000,4.363
278,02/27/16 08:45:54 AM,61.119,59.500,0.2502,0.56,3.94,81.4,798.7,0.000,4.351
279,02/27/16 08:55:54 AM,62.319,59.900,0.2502,0.00,2.26,109.5,863.7,0.000,4.375
280,02/27/16 09:05:54 AM,64.459,56.900,0.2498,0.00,3.38,346.8,928.7,0.000,4.363
281,02/27/16 09:15:54 AM,63.732,53.900,0.2498,0.56,3.94,11.2,988.7,0.000,4.357
282,02/27/16 09:25:54 AM,63.862,53.900,0.2494,0.56,2.82,18.3,1048.7,0.000,4.381
283,02/27/16 09:35:54 AM,64.332,53.800,0.2494,0.56,2.82,355.2,1106.2,0.000,4.363
284,02/27/16 09:45:54 AM,63.946,56.100,0.2494,0.56,3.38,339.7,1161.2,0.000,4.357
285,02/27/16 09:55:54 AM,63.689,53.300,0.2494,1.12,3.94,318.7,1206.2,0.000,4.351
286,02/27/16 10:05:54 AM,63.775,53.900,0.2494,2.26,5.08,322.9,1241.2,0.000,4.369
287,02/27/16 10:15:54 AM,62.704,53.400,0.2490,2.82,5.08,325.7,1278.7,0.000,4.363
288,02/27/16 10:25:54 AM,65.788,53.800,0.2494,1.12,5.08,320.1,1311.2,0.000,4.351
289,02/27/16 10:35:54 AM,66.043,50.500,0.2494,1.12,4.50,16.8,1341.2,0.000,4.369
290,02/27/16 10:45:54 AM,65.487,50.400,0.2494,1.70,5.64,324.3,1383.7,0.000,4.363
291,02/27/16 10:55:54 AM,64.803,50.400,0.2494,1.70,5.64,321.5,1413.7,0.000,4.351
292,02/27/16 11:05:54 AM,65.230,50.400,0.2494,1.70,4.50,310.3,1278.7,0.000,4.381
293,02/27/16 11:15:54 AM,66.515,53.600,0.2498,0.00,2.82,334.1,956.2,0.000,4.363
294,02/27/16 11:25:54 AM,69.942,47.500,0.2498,1.12,6.20,49.1,1471.2,0.000,4.357
295,02/27/16 11:35:54 AM,69.427,43.600,0.2498,1.70,6.20,137.6,1328.7,0.000,4.381
296,02/27/16 11:45:54 AM,70.158,41.100,0.2498,1.70,7.31,98.3,1506.2,0.000,4.357
297,02/27/16 11:55:54 AM,70.158,39.900,0.2498,3.38,9.57,148.8,1533.7,0.000,4.345
298,02/27/16 12:05:54 PM,68.698,39.000,0.2498,3.94,12.39,165.7,1551.2,0.000,4.363
299,02/27/16 12:15:54 PM,68.614,39.800,0.2498,4.50,10.69,178.3,1536.2,0.000,4.351
300,02/27/16 12:25:54 PM,71.274,40.100,0.2498,3.94,9.57,158.6,1536.2,0.000,4.393
301,02/27/16 12:35:54 PM,68.828,39.700,0.2494,4.50,11.83,161.5,1531.2,0.000,4.363
302,02/27/16 12:45:54 PM,69.213,40.900,0.2494,4.50,12.39,178.3,1541.2,0.000,4.351
303,02/27/16 12:55:54 PM,68.356,41.800,0.2494,5.64,12.39,147.4,1508.7,0.000,4.351
304,02/27/16 01:05:54 PM,69.901,41.000,0.2494,2.82,9.57,176.9,1496.2,0.000,4.351
305,02/27/16 01:15:54 PM,68.956,42.400,0.2494,5.08,11.27,198.0,1473.7,0.000,4.357
306,02/27/16 01:25:54 PM,69.042,42.800,0.2494,5.08,12.39,199.4,1458.7,0.000,4.351
307,02/27/16 01:35:54 PM,69.643,42.700,0.2494,2.26,6.20,314.5,1408.7,0.000,4.363
308,02/27/16 01:45:54 PM,67.714,43.300,0.2494,5.64,11.83,247.1,1258.7,0.000,4.357
309,02/27/16 01:55:54 PM,68.443,43.400,0.2498,3.94,10.69,207.8,1208.7,0.000,4.363
310,02/27/16 02:05:54 PM,70.158,42.500,0.2498,2.82,10.13,230.2,1278.7,0.000,4.357
311,02/27/16 02:15:54 PM,68.571,41.600,0.2498,2.82,9.57,266.7,1231.2,0.000,4.369
312,02/27/16 02:25:54 PM,69.901,42.300,0.2498,3.94,10.13,217.6,1211.2,0.000,4.363
313,02/27/16 02:35:54 PM,68.443,42.300,0.2498,5.08,10.13,213.4,1161.2,0.000,4.351
314,02/27/16 02:45:54 PM,68.313,42.100,0.2498,2.82,10.69,238.7,1088.7,0.000,4.357
315,02/27/16 02:55:54 PM,68.527,42.000,0.2498,2.82,9.01,254.1,1033.7,0.000,4.363
316,02/27/16 03:05:54 PM,69.170,41.700,0.2498,2.26,9.01,179.7,966.2,0.000,4.351
317,02/27/16 03:15:54 PM,66.943,42.500,0.2494,4.50,12.39,282.2,891.2,0.000,4.363
318,02/27/16 03:25:54 PM,67.971,43.100,0.2494,3.94,10.69,217.6,836.2,0.000,4.357
319,02/27/16 03:35:54 PM,68.227,41.800,0.2494,1.12,6.76,132.0,773.7,0.000,4.351
320,02/27/16 03:45:54 PM,67.543,41.600,0.2494,1.70,7.31,230.2,706.2,0.000,4.363
321,02/27/16 03:55:54 PM,66.429,39.700,0.2490,1.70,8.46,181.1,648.7,0.000,4.357
322,02/27/16 04:05:54 PM,67.242,39.000,0.2490,1.12,5.08,329.9,576.2,0.000,4.351
323,02/27/16 04:15:54 PM,66.385,41.600,0.2490,2.82,7.90,263.9,506.2,0.000,4.357
324,02/27/16 04:25:54 PM,66.900,42.600,0.2490,1.70,7.31,193.7,446.2,0.000,4.357
325,02/27/16 04:35:54 PM,66.173,41.700,0.2487,1.12,6.20,183.9,386.2,0.000,4.351
326,02/27/16 04:45:54 PM,64.632,41.900,0.2487,1.12,6.20,168.5,251.2,0.000,4.351
327,02/27/16 04:55:54 PM,63.433,43.500,0.2487,1.12,5.64,206.4,126.2,0.000,4.345
328,02/27/16 05:05:54 PM,63.262,44.800,0.2483,2.26,6.20,181.1,108.7,0.000,4.345
329,02/27/16 05:15:54 PM,62.191,44.800,0.2483,1.12,5.08,168.5,88.7,0.000,4.339
330,02/27/16 05:25:54 PM,61.720,48.700,0.2483,1.70,5.08,185.3,68.7,0.000,4.339
331,02/27/16 05:35:54 PM,61.677,49.800,0.2479,1.70,9.01,157.2,43.7,0.000,4.339
332,02/27/16 05:45:54 PM,57.765,53.300,0.2479,1.12,3.38,162.9,26.2,0.000,4.333
333,02/27/16 05:55:54 PM,57.636,56.000,0.2479,2.26,4.50,144.6,11.2,0.000,4.333
334,02/27/16 06:05:54 PM,58.282,56.100,0.2475,3.94,6.76,137.6,1.2,0.000,4.333
335,02/27/16 06:15:54 PM,57.117,55.800,0.2479,3.94,6.76,139.0,1.2,0.000,4.333
336,02/27/16 06:25:54 PM,56.340,58.800,0.2475,3.38,7.90,141.8,1.2,0.000,4.327
337,02/27/16 06:35:54 PM,56.251,59.200,0.2475,2.82,5.08,144.6,1.2,0.000,4.327
338,02/27/16 06:45:54 PM,56.208,58.400,0.2475,2.82,5.64,143.2,1.2,0.000,4.327
339,02/27/16 06:55:54 PM,57.333,55.100,0.2475,3.38,5.64,140.4,1.2,0.000,4.321
340,02/27/16 07:05:54 PM,56.685,51.900,0.2479,2.26,5.64,139.0,1.2,0.000,4.321
341,02/27/16 07:15:54 PM,56.340,53.800,0.2475,2.26,5.08,147.4,1.2,0.000,4.321
342,02/27/16 07:25:54 PM,55.168,54.100,0.2475,2.26,5.08,154.4,1.2,0.000,4.321
343,02/27/16 07:35:54 PM,55.429,56.900,0.2479,1.70,4.50,155.8,1.2,0.000,4.321
344,02/27/16 07:45:54 PM,56.340,54.400,0.2479,2.82,5.08,143.2,1.2,0.000,4.321
345,02/27/16 07:55:54 PM,55.472,55.300,0.2479,2.82,4.50,144.6,1.2,0.000,4.321
346,02/27/16 08:05:54 PM,55.429,57.000,0.2479,1.70,3.94,146.0,1.2,0.000,4.321
347,02/27/16 08:15:54 PM,55.038,56.800,0.2479,1.12,3.38,148.8,1.2,0.000,4.321
348,02/27/16 08:25:54 PM,55.081,57.400,0.2479,1.70,3.94,153.0,1.2,0.000,4.315
349,02/27/16 08:35:54 PM,55.125,57.700,0.2479,2.26,3.94,150.2,1.2,0.000,4.315
350,02/27/16 08:45:54 PM,54.952,56.600,0.2479,2.82,5.08,147.4,1.2,0.000,4.315
351,02/27/16 08:55:54 PM,54.473,56.500,0.2479,2.26,5.64,147.4,1.2,0.000,4.315
352,02/27/16 09:05:54 PM,54.820,58.700,0.2479,1.70,5.08,143.2,1.2,0.000,4.315
353,02/27/16 09:15:54 PM,54.300,59.000,0.2483,2.26,6.76,136.2,1.2,0.000,4.309
354,02/27/16 09:25:54 PM,54.648,58.900,0.2479,2.26,5.08,144.6,1.2,0.000,4.309
355,02/27/16 09:35:54 PM,54.430,58.900,0.2479,1.70,3.94,141.8,1.2,0.000,4.309
356,02/27/16 09:45:54 PM,54.777,59.200,0.2483,2.82,6.20,147.4,1.2,0.000,4.309
357,02/27/16 09:55:54 PM,54.561,58.900,0.2479,2.82,5.64,140.4,1.2,0.000,4.303
358,02/27/16 10:05:54 PM,54.082,59.500,0.2483,2.26,5.08,144.6,1.2,0.000,4.303
359,02/27/16 10:15:54 PM,54.561,60.000,0.2483,2.82,5.08,144.6,1.2,0.000,4.303
360,02/27/16 10:25:54 PM,54.691,59.900,0.2483,2.26,5.08,143.2,1.2,0.000,4.303
361,02/27/16 10:35:54 PM,54.820,59.800,0.2479,1.70,4.50,132.0,1.2,0.000,4.303
362,02/27/16 10:45:54 PM,54.820,60.500,0.2483,0.56,3.94,120.7,1.2,0.000,4.303
363,02/27/16 10:55:54 PM,53.515,61.500,0.2483,1.70,3.38,132.0,1.2,0.000,4.303
364,02/27/16 11:05:54 PM,54.473,62.700,0.2483,1.12,5.64,134.8,1.2,0.000,4.303
365,02/27/16 11:15:54 PM,53.427,62.000,0.2479,1.12,4.50,136.2,1.2,0.000,4.303
366,02/27/16 11:25:54 PM,52.860,63.100,0.2479,0.56,2.26,136.2,1.2,0.000,4.303
367,02/27/16 11:35:54 PM,51.721,64.400,0.2479,1.70,2.82,137.6,1.2,0.000,4.303
368,02/27/16 11:45:54 PM,52.335,64.800,0.2479,1.70,3.38,140.4,1.2,0.000,4.303
369,02/27/16 11:55:54 PM,52.641,64.800,0.2483,1.70,3.94,141.8,1.2,0.000,4.297
370,02/28/16 12:05:54 AM,52.817,65.000,0.2479,2.26,3.94,141.8,1.2,0.000,4.297
371,02/28/16 12:15:54 AM,52.203,65.600,0.2483,1.12,2.82,140.4,1.2,0.000,4.297
372,02/28/16 12:25:54 AM,51.895,66.400,0.2483,1.70,2.82,140.4,1.2,0.000,4.297
373,02/28/16 12:35:54 AM,51.721,65.600,0.2483,1.70,3.38,143.2,1.2,0.000,4.297
374,02/28/16 12:45:54 AM,52.291,65.400,0.2483,1.70,3.38,150.2,1.2,0.000,4.297
375,02/28/16 12:55:54 AM,52.203,64.400,0.2483,1.70,3.38,150.2,1.2,0.000,4.297
376,02/28/16 01:05:54 AM,52.729,64.600,0.2483,1.70,2.82,148.8,1.2,0.000,4.297
377,02/28/16 01:15:54 AM,52.947,63.500,0.2483,1.70,4.50,146.0,1.2,0.000,4.297
378,02/28/16 01:25:54 AM,52.291,63.900,0.2483,2.26,3.94,143.2,1.2,0.000,4.297
379,02/28/16 01:35:54 AM,51.237,65.700,0.2483,1.70,4.50,147.4,1.2,0.000,4.297
380,02/28/16 01:45:54 AM,53.078,65.100,0.2483,2.82,5.64,143.2,1.2,0.000,4.291
381,02/28/16 01:55:54 AM,50.664,65.600,0.2483,1.12,3.38,144.6,1.2,0.000,4.291
382,02/28/16 02:05:54 AM,52.246,64.500,0.2483,0.56,2.26,146.0,1.2,0.000,4.291
383,02/28/16 02:15:54 AM,51.370,62.800,0.2483,1.12,2.82,126.4,1.2,0.000,4.291
384,02/28/16 02:25:54 AM,50.929,63.000,0.2483,0.56,3.38,134.8,1.2,0.000,4.291
385,02/28/16 02:35:54 AM,49.737,65.800,0.2483,1.70,3.94,144.6,1.2,0.000,4.291
386,02/28/16 02:45:54 AM,49.428,66.800,0.2487,1.12,3.38,146.0,1.2,0.000,4.291
387,02/28/16 02:55:54 AM,49.204,67.000,0.2483,1.12,3.38,146.0,1.2,0.000,4.291
388,02/28/16 03:05:54 AM,49.649,67.500,0.2487,1.12,2.82,146.0,1.2,0.000,4.291
389,02/28/16 03:15:54 AM,50.002,67.500,0.2483,1.12,2.82,146.0,1.2,0.000,4.291
390,02/28/16 03:25:54 AM,49.116,67.800,0.2487,1.70,2.82,146.0,1.2,0.000,4.291
391,02/28/16 03:35:54 AM,48.672,69.900,0.2487,1.70,2.82,146.0,1.2,0.000,4.291
392,02/28/16 03:45:54 AM,50.135,68.200,0.2487,1.12,2.82,147.4,1.2,0.000,4.291
393,02/28/16 03:55:54 AM,50.135,67.100,0.2487,1.12,3.38,151.6,1.2,0.000,4.291
394,02/28/16 04:05:54 AM,49.561,67.200,0.2487,1.70,2.82,151.6,1.2,0.000,4.291
395,02/28/16 04:15:54 AM,48.762,68.700,0.2487,1.12,2.26,151.6,1.2,0.000,4.291
396,02/28/16 04:25:54 AM,49.782,69.300,0.2487,1.12,2.82,153.0,1.2,0.000,4.291
397,02/28/16 04:35:54 AM,49.604,67.100,0.2487,1.12,2.82,153.0,1.2,0.000,4.291
398,02/28/16 04:45:54 AM,49.782,67.800,0.2487,1.70,2.82,153.0,1.2,0.000,4.291
399,02/28/16 04:55:54 AM,49.870,67.600,0.2487,1.70,2.82,153.0,1.2,0.000,4.291
400,02/28/16 05:05:54 AM,49.737,68.500,0.2487,1.70,3.38,158.6,1.2,0.000,4.291
401,02/28/16 05:15:54 AM,49.914,68.300,0.2487,1.70,3.38,165.7,1.2,0.000,4.291
402,02/28/16 05:25:54 AM,50.268,67.500,0.2487,0.56,2.82,165.7,1.2,0.000,4.291
403,02/28/16 05:35:54 AM,49.737,67.200,0.2487,0.00,1.70,165.7,1.2,0.000,4.291
404,02/28/16 05:45:54 AM,48.717,69.800,0.2487,1.12,3.38,164.3,1.2,0.000,4.291
405,02/28/16 05:55:54 AM,48.182,71.700,0.2487,1.70,3.38,164.3,1.2,0.000,4.291
406,02/28/16 06:05:54 AM,49.870,69.800,0.2487,0.56,2.82,165.7,1.2,0.000,4.291
407,02/28/16 06:15:54 AM,50.400,67.000,0.2487,0.56,2.26,165.7,1.2,0.000,4.291
408,02/28/16 06:25:54 AM,49.604,67.000,0.2487,0.56,1.70,165.7,6.2,0.000,4.291
409,02/28/16 06:35:54 AM,49.116,68.100,0.2490,0.00,1.70,165.7,21.2,0.000,4.291
410,02/28/16 06:45:54 AM,49.249,69.000,0.2490,0.00,1.70,165.7,43.7,0.000,4.291
411,02/28/16 06:55:54 AM,49.561,68.900,0.2487,1.12,2.26,165.7,68.7,0.000,4.297
412,02/28/16 07:05:54 AM,50.180,68.800,0.2487,0.00,1.70,165.7,93.7,0.000,4.309
413,02/28/16 07:15:54 AM,49.737,70.200,0.2487,0.56,2.26,165.7,113.7,0.000,4.321
414,02/28/16 07:25:54 AM,50.002,70.200,0.2487,0.56,1.70,165.7,133.7,0.000,4.339
415,02/28/16 07:35:54 AM,52.029,69.800,0.2490,0.00,1.70,165.7,233.7,0.000,4.375
416,02/28/16 07:45:54 AM,55.125,67.400,0.2487,0.00,1.12,165.7,403.7,0.000,4.393
417,02/28/16 07:55:54 AM,57.592,62.700,0.2490,0.00,2.26,164.3,473.7,0.000,4.375
418,02/28/16 08:05:54 AM,58.455,58.900,0.2490,1.12,3.94,112.3,541.2,0.000,4.363
419,02/28/16 08:15:54 AM,59.185,57.500,0.2487,0.00,3.38,137.6,603.7,0.000,4.357
420,02/28/16 08:25:54 AM,59.873,58.600,0.2487,0.56,3.38,71.6,676.2,0.000,4.381
421,02/28/16 08:35:54 AM,60.046,57.400,0.2483,0.56,3.38,328.5,751.2,0.000,4.363
422,02/28/16 08:45:54 AM,61.891,55.700,0.2483,0.56,4.50,91.3,811.2,0.000,4.363
423,02/28/16 08:55:54 AM,62.661,55.100,0.2479,0.56,2.82,346.8,881.2,0.000,4.393
424,02/28/16 09:05:54 AM,60.260,53.300,0.2479,0.56,4.50,1.4,941.2,0.000,4.369
425,02/28/16 09:15:54 AM,61.162,55.600,0.2475,1.12,3.94,317.3,988.7,0.000,4.363
426,02/28/16 09:25:54 AM,63.090,54.600,0.2475,0.56,3.94,332.7,971.2,0.000,4.351
427,02/28/16 09:35:54 AM,64.204,51.900,0.2471,0.00,3.38,8.4,1078.7,0.000,4.369
428,02/28/16 09:45:54 AM,62.362,52.000,0.2471,1.12,5.08,310.3,1168.7,0.000,4.363
429,02/28/16 09:55:54 AM,63.990,52.700,0.2471,1.12,4.50,320.1,1228.7,0.000,4.351
430,02/28/16 10:05:54 AM,64.632,51.400,0.2471,0.56,3.94,320.1,1268.7,0.000,4.381
431,02/28/16 10:15:54 AM,64.760,50.800,0.2471,1.70,4.50,325.7,1308.7,0.000,4.363
432,02/28/16 10:25:54 AM,64.888,50.000,0.2471,1.70,3.94,332.7,1338.7,0.000,4.357
433,02/28/16 10:35:54 AM,66.087,47.600,0.2471,1.70,5.08,329.9,1366.2,0.000,4.351
434,02/28/16 10:45:54 AM,66.772,46.000,0.2471,1.12,4.50,320.1,1391.2,0.000,4.363
435,02/28/16 10:55:54 AM,68.099,44.700,0.2471,1.12,5.08,299.0,1316.2,0.000,4.351
436,02/28/16 11:05:54 AM,67.028,43.300,0.2475,1.12,9.01,137.6,1261.2,0.000,4.345
437,02/28/16 11:15:54 AM,69.300,43.900,0.2475,1.12,4.50,150.2,1381.2,0.000,4.369
438,02/28/16 11:25:54 AM,71.317,42.300,0.2479,2.26,7.90,176.9,1503.7,0.000,4.357
439,02/28/16 11:35:54 AM,70.887,41.400,0.2479,2.26,6.20,137.6,1531.2,0.000,4.351
440,02/28/16 11:45:54 AM,71.447,41.500,0.2479,2.82,9.57,143.2,1486.2,0.000,4.363
441,02/28/16 11:55:54 AM,70.201,41.300,0.2479,3.38,9.01,154.4,1388.7,0.000,4.357
442,02/28/16 12:05:54 PM,71.361,40.500,0.2479,1.70,5.64,164.3,1428.7,0.000,4.345
443,02/28/16 12:15:54 PM,71.190,40.600,0.2475,2.82,7.90,144.6,1461.2,0.000,4.363
444,02/28/16 12:25:54 PM,73.213,40.100,0.2475,1.70,7.90,162.9,1531.2,0.000,4.351
445,02/28/16 12:35:54 PM,71.274,39.900,0.2475,2.82,7.31,150.2,1436.2,0.000,4.418
446,02/28/16 12:45:54 PM,73.040,39.900,0.2475,2.82,9.01,158.6,1623.7,0.000,4.363
447,02/28/16 12:55:54 PM,71.404,40.000,0.2471,3.38,9.01,164.3,1453.7,0.000,4.351
448,02/28/16 01:05:54 PM,69.685,42.300,0.2475,4.50,10.13,148.8,1038.7,0.000,4.363
449,02/28/16 01:15:54 PM,70.974,42.300,0.2475,4.50,11.27,161.5,1438.7,0.000,4.351
450,02/28/16 01:25:54 PM,71.317,42.400,0.2475,4.50,12.39,176.9,1398.7,0.000,4.363
451,02/28/16 01:35:54 PM,71.361,41.700,0.2475,3.94,9.57,179.7,1433.7,0.000,4.357
452,02/28/16 01:45:54 PM,69.901,42.400,0.2475,5.08,12.39,178.3,1381.2,0.000,4.345
453,02/28/16 01:55:54 PM,69.600,44.000,0.2475,4.50,11.83,193.7,1338.7,0.000,4.363
454,02/28/16 02:05:54 PM,70.286,44.800,0.2475,5.08,10.13,178.3,1246.2,0.000,4.351
455,02/28/16 02:15:54 PM,70.115,44.800,0.2471,5.64,13.51,176.9,1183.7,0.000,4.363
456,02/28/16 02:25:54 PM,70.759,44.200,0.2471,2.82,9.57,188.1,1163.7,0.000,4.351
457,02/28/16 02:35:54 PM,68.698,44.100,0.2471,4.50,11.83,122.1,1113.7,0.000,4.363
458,02/28/16 02:45:54 PM,71.620,43.600,0.2471,1.70,6.76,168.5,1048.7,0.000,4.351
459,02/28/16 02:55:54 PM,69.129,42.700,0.2471,3.94,10.13,137.6,1008.7,0.000,4.363
460,02/28/16 03:05:54 PM,69.256,42.600,0.2471,3.38,8.46,160.0,953.7,0.000,4.357
461,02/28/16 03:15:54 PM,70.502,41.600,0.2471,2.82,7.90,172.7,893.7,0.000,4.345
462,02/28/16 03:25:54 PM,69.814,41.600,0.2471,2.26,9.57,144.6,826.2,0.000,4.363
463,02/28/16 03:35:54 PM,70.716,41.200,0.2468,1.70,6.76,175.5,766.2,0.000,4.351
464,02/28/16 03:45:54 PM,69.213,40.300,0.2468,1.70,8.46,151.6,706.2,0.000,4.345
465,02/28/16 03:55:54 PM,68.828,40.300,0.2468,3.38,8.46,176.9,638.7,0.000,4.363
466,02/28/16 04:05:54 PM,68.227,40.700,0.2464,3.94,10.69,178.3,598.7,0.000,4.351
467,02/28/16 04:15:54 PM,68.227,40.500,0.2464,3.38,9.57,172.7,561.2,0.000,4.351
468,02/28/16 04:25:54 PM,66.900,40.600,0.2460,5.64,12.39,158.6,501.2,0.000,4.363
469,02/28/16 04:35:54 PM,66.472,42.000,0.2456,5.08,11.83,158.6,386.2,0.000,4.351
470,02/28/16 04:45:54 PM,65.230,43.300,0.2456,4.50,9.57,164.3,291.2,0.000,4.351
471,02/28/16 04:55:54 PM,64.632,45.200,0.2456,4.50,10.69,160.0,158.7,0.000,4.351
472,02/28/16 05:05:54 PM,64.074,46.700,0.2456,6.20,10.69,143.2,131.2,0.000,4.351
473,02/28/16 05:15:54 PM,63.518,47.900,0.2452,5.64,9.01,140.4,103.7,0.000,4.345
474,02/28/16 05:25:54 PM,63.133,49.500,0.2452,5.08,10.69,134.8,78.7,0.000,4.339
475,02/28/16 05:35:54 PM,62.834,50.700,0.2452,5.64,10.13,130.6,53.7,0.000,4.339
476,02/28/16 05:45:54 PM,62.577,51.300,0.2452,5.08,10.13,136.2,23.7,0.000,4.339
477,02/28/16 05:55:54 PM,62.362,51.600,0.2449,5.64,9.57,132.0,8.7,0.000,4.333
478,02/28/16 06:05:54 PM,61.162,53.400,0.2449,2.82,6.20,126.4,1.2,0.000,4.333
479,02/28/16 06:15:54 PM,60.474,56.000,0.2449,2.26,5.08,120.7,1.2,0.000,4.333
480,02/28/16 06:25:54 PM,60.260,57.000,0.2449,0.56,3.38,143.2,1.2,0.000,4.333
481,02/28/16 06:35:54 PM,59.788,58.100,0.2449,0.00,1.70,143.2,1.2,0.000,4.327
482,02/28/16 06:45:54 PM,60.132,58.400,0.2449,0.56,5.08,147.4,1.2,0.000,4.327
483,02/28/16 06:55:54 PM,59.572,53.600,0.2445,1.12,6.20,313.1,1.2,0.000,4.321
484,02/28/16 07:05:54 PM,59.014,54.100,0.2445,0.56,4.50,19.7,1.2,0.000,4.321
485,02/28/16 07:15:54 PM,57.636,54.000,0.2445,0.00,2.82,102.5,1.2,0.000,4.321
486,02/28/16 07:25:54 PM,57.463,56.300,0.2449,0.00,1.70,105.3,1.2,0.000,4.321
487,02/28/16 07:35:54 PM,57.722,55.900,0.2449,0.56,7.31,30.9,1.2,0.000,4.321
488,02/28/16 07:45:54 PM,57.290,55.900,0.2449,2.26,6.76,306.1,1.2,0.000,4.321
489,02/28/16 07:55:54 PM,56.295,56.400,0.2449,1.12,6.76,297.6,1.2,0.000,4.321
490,02/28/16 08:05:54 PM,56.251,56.900,0.2449,1.12,5.08,231.6,1.2,0.000,4.321
491,02/28/16 08:15:54 PM,56.079,57.400,0.2449,0.56,3.38,154.4,1.2,0.000,4.321
492,02/28/16 08:25:54 PM,55.081,57.600,0.2449,0.56,3.38,141.8,1.2,0.000,4.321
493,02/28/16 08:35:54 PM,54.995,58.100,0.2449,1.12,4.50,146.0,1.2,0.000,4.321
494,02/28/16 08:45:54 PM,56.772,56.800,0.2452,1.12,5.08,161.5,1.2,0.000,4.315
495,02/28/16 08:55:54 PM,54.648,57.600,0.2452,0.56,3.94,189.5,1.2,0.000,4.315
496,02/28/16 09:05:54 PM,54.691,59.100,0.2452,1.12,3.38,137.6,1.2,0.000,4.315
497,02/28/16 09:15:54 PM,54.169,59.600,0.2452,1.70,5.08,165.7,1.2,0.000,4.315
498,02/28/16 09:25:54 PM,55.256,59.600,0.2452,1.12,3.94,193.7,1.2,0.000,4.315
499,02/28/16 09:35:54 PM,54.777,59.000,0.2452,1.12,2.82,199.4,1.2,0.000,4.309
500,02/28/16 09:45:54 PM,54.387,59.400,0.2452,1.12,2.82,193.7,1.2,0.000,4.309
501,02/28/16 09:55:54 PM,54.037,60.600,0.2452,1.70,4.50,161.5,1.2,0.000,4.309
502,02/28/16 10:05:54 PM,51.895,63.000,0.2452,0.56,2.82,141.8,1.2,0.000,4.309
503,02/28/16 10:15:54 PM,52.160,65.500,0.2452,0.00,1.70,141.8,1.2,0.000,4.309
504,02/28/16 10:25:54 PM,51.940,64.400,0.2452,1.70,3.38,141.8,1.2,0.000,4.309
505,02/28/16 10:35:54 PM,52.992,62.800,0.2452,1.70,3.38,137.6,1.2,0.000,4.303
506,02/28/16 10:45:54 PM,52.335,64.400,0.2452,1.12,3.38,147.4,1.2,0.000,4.303
507,02/28/16 10:55:54 PM,53.035,64.400,0.2452,1.12,2.26,150.2,1.2,0.000,4.303
508,02/28/16 11:05:54 PM,54.126,61.400,0.2452,1.12,3.38,158.6,1.2,0.000,4.303
509,02/28/16 11:15:54 PM,53.035,60.800,0.2452,1.12,3.38,183.9,1.2,0.000,4.303
510,02/28/16 11:25:54 PM,53.209,62.300,0.2456,1.12,2.82,178.3,1.2,0.000,4.303
511,02/28/16 11:35:54 PM,53.253,62.600,0.2456,1.12,2.82,181.1,1.2,0.000,4.303
512,02/28/16 11:45:54 PM,52.423,63.900,0.2456,1.12,2.26,178.3,1.2,0.000,4.303
513,02/28/16 11:55:54 PM,52.335,65.800,0.2456,0.56,3.38,168.5,1.2,0.000,4.303
514,02/29/16 12:05:54 AM,52.291,65.800,0.2456,1.70,3.38,148.8,1.2,0.000,4.303
515,02/29/16 12:15:54 AM,52.860,65.900,0.2456,0.56,4.50,124.9,1.2,0.000,4.303
516,02/29/16 12:25:54 AM,51.413,65.900,0.2456,0.56,2.82,129.2,1.2,0.000,4.297
517,02/29/16 12:35:54 AM,50.929,68.800,0.2456,1.12,3.38,143.2,1.2,0.000,4.297
518,02/29/16 12:45:54 AM,50.929,69.300,0.2456,1.70,4.50,144.6,1.2,0.000,4.297
519,02/29/16 12:55:54 AM,51.895,67.700,0.2456,1.70,4.50,139.0,1.2,0.000,4.297
520,02/29/16 01:05:54 AM,52.291,67.000,0.2460,1.12,3.94,147.4,1.2,0.000,4.297
521,02/29/16 01:15:54 AM,52.072,65.800,0.2456,2.26,5.08,157.2,1.2,0.000,4.297
522,02/29/16 01:25:54 AM,51.501,65.100,0.2456,1.70,7.90,160.0,1.2,0.000,4.297
523,02/29/16 01:35:54 AM,51.721,65.800,0.2460,0.56,2.26,160.0,1.2,0.000,4.297
524,02/29/16 01:45:54 AM,51.589,66.100,0.2456,1.12,2.82,160.0,1.2,0.000,4.297
525,02/29/16 01:55:54 AM,50.841,67.600,0.2460,1.12,2.82,160.0,1.2,0.000,4.297
526,02/29/16 02:05:54 AM,50.047,69.100,0.2460,0.56,2.82,160.0,1.2,0.000,4.297
527,02/29/16 02:15:54 AM,51.148,68.800,0.2460,0.56,2.82,160.0,1.2,0.000,4.291
528,02/29/16 02:25:54 AM,50.709,68.500,0.2460,0.56,2.82,160.0,1.2,0.000,4.297
529,02/29/16 02:35:54 AM,51.852,67.800,0.2460,0.56,3.94,160.0,1.2,0.000,4.291
530,02/29/16 02:45:54 AM,51.809,64.600,0.2460,0.00,1.70,160.0,1.2,0.000,4.291
531,02/29/16 02:55:54 AM,50.621,65.900,0.2460,0.00,1.12,160.0,1.2,0.000,4.291
532,02/29/16 03:05:54 AM,50.223,68.300,0.2460,0.56,2.26,160.0,1.2,0.000,4.291
533,02/29/16 03:15:54 AM,49.782,68.800,0.2460,0.56,2.26,160.0,1.2,0.000,4.291
534,02/29/16 03:25:54 AM,49.870,69.400,0.2460,1.12,2.82,160.0,1.2,0.000,4.291
535,02/29/16 03:35:54 AM,50.709,68.400,0.2460,0.00,2.26,160.0,1.2,0.000,4.291
536,02/29/16 03:45:54 AM,50.002,68.200,0.2460,1.12,2.82,160.0,1.2,0.000,4.291
537,02/29/16 03:55:54 AM,48.762,70.200,0.2460,1.12,2.82,158.6,1.2,0.000,4.291
538,02/29/16 04:05:54 AM,49.825,69.400,0.2464,0.56,2.82,158.6,1.2,0.000,4.291
539,02/29/16 04:15:54 AM,49.692,68.500,0.2460,0.56,2.26,157.2,1.2,0.000,4.291
540,02/29/16 04:25:54 AM,48.717,70.100,0.2460,0.56,2.26,155.8,1.2,0.000,4.291
541,02/29/16 04:35:54 AM,48.049,71.700,0.2460,0.56,2.26,155.8,1.2,0.000,4.291
542,02/29/16 04:45:54 AM,47.691,73.000,0.2464,1.70,2.82,155.8,1.2,0.000,4.291
543,02/29/16 04:55:54 AM,47.244,74.300,0.2464,1.70,2.82,155.8,1.2,0.000,4.291
544,02/29/16 05:05:54 AM,47.691,74.700,0.2464,1.70,2.82,155.8,1.2,0.000,4.291
545,02/29/16 05:15:54 AM,47.871,72.600,0.2464,1.12,2.82,155.8,1.2,0.000,4.291
546,02/29/16 05:25:54 AM,48.182,70.900,0.2464,1.70,2.82,155.8,1.2,0.000,4.291
547,02/29/16 05:35:54 AM,48.315,70.600,0.2464,1.12,2.82,155.8,1.2,0.000,4.291
548,02/29/16 05:45:54 AM,50.047,68.300,0.2464,0.00,2.26,155.8,1.2,0.000,4.291
549,02/29/16 05:55:54 AM,49.649,67.300,0.2464,0.00,1.70,155.8,1.2,0.000,4.291
550,02/29/16 06:05:54 AM,48.583,69.000,0.2464,1.12,2.26,155.8,1.2,0.000,4.291
551,02/29/16 06:15:54 AM,48.762,69.700,0.2464,0.56,2.82,155.8,1.2,0.000,4.291
552,02/29/16 06:25:54 AM,48.850,70.400,0.2464,0.00,1.12,155.8,8.7,0.000,4.291
553,02/29/16 06:35:54 AM,49.204,68.200,0.2464,0.00,1.70,155.8,23.7,0.000,4.291
554,02/29/16 06:45:54 AM,49.338,68.800,0.2464,1.12,2.26,155.8,46.2,0.000,4.291
555,02/29/16 06:55:54 AM,49.737,67.800,0.2464,1.12,2.26,155.8,66.2,0.000,4.291
556,02/29/16 07:05:54 AM,51.413,67.200,0.2464,1.70,3.38,153.0,83.7,0.000,4.303
557,02/29/16 07:15:54 AM,50.797,65.500,0.2464,0.00,2.26,136.2,101.2,0.000,4.315
558,02/29/16 07:25:54 AM,49.604,69.600,0.2464,0.56,2.26,133.4,113.7,0.000,4.327
559,02/29/16 07:35:54 AM,52.860,69.400,0.2464,0.56,2.82,134.8,271.2,0.000,4.393
560,02/29/16 07:45:54 AM,55.992,63.400,0.2464,0.56,2.82,126.4,441.2,0.000,4.369
561,02/29/16 07:55:54 AM,57.333,60.700,0.2468,0.00,2.82,42.1,513.7,0.000,4.363
562,02/29/16 08:05:54 AM,56.426,59.800,0.2464,1.12,4.50,73.0,583.7,0.000,4.387
563,02/29/16 08:15:54 AM,57.592,59.900,0.2464,1.12,4.50,101.1,651.2,0.000,4.369
564,02/29/16 08:25:54 AM,59.142,58.400,0.2460,0.56,3.38,108.1,728.7,0.000,4.363
565,02/29/16 08:35:54 AM,59.315,57.100,0.2460,0.56,3.38,92.7,801.2,0.000,4.351
566,02/29/16 08:45:54 AM,60.904,57.500,0.2460,0.00,2.82,341.2,863.7,0.000,4.381
567,02/29/16 08:55:54 AM,61.677,54.200,0.2456,0.00,2.82,12.6,928.7,0.000,4.363
568,02/29/16 09:05:54 AM,61.934,55.700,0.2452,0.56,3.38,334.1,991.2,0.000,4.357
569,02/29/16 09:15:54 AM,62.791,54.700,0.2449,0.56,3.38,40.7,1051.2,0.000,4.393
570,02/29/16 09:25:54 AM,62.704,53.300,0.2449,0.56,3.38,334.1,1108.7,0.000,4.369
571,02/29/16 09:35:54 AM,63.561,55.100,0.2449,0.56,4.50,331.3,1166.2,0.000,4.363
572,02/29/16 09:45:54 AM,64.974,52.000,0.2445,0.56,3.38,355.2,1218.7,0.000,4.351
573,02/29/16 09:55:54 AM,66.429,49.800,0.2445,0.56,3.38,308.9,1268.7,0.000,4.375
574,02/29/16 10:05:54 AM,65.959,45.300,0.2445,0.56,3.94,304.7,1313.7,0.000,4.363
575,02/29/16 10:15:54 AM,65.359,47.700,0.2445,1.70,5.64,325.7,1356.2,0.000,4.351
576,02/29/16 10:25:54 AM,67.372,47.000,0.2445,1.70,5.64,315.9,1393.7,0.000,4.381
577,02/29/16 10:35:54 AM,66.472,43.600,0.2445,1.70,4.50,338.3,1428.7,0.000,4.363
578,02/29/16 10:45:54 AM,66.214,43.100,0.2445,2.26,5.08,321.5,1458.7,0.000,4.351
579,02/29/16 10:55:54 AM,66.772,45.200,0.2449,2.26,5.64,322.9,1483.7,0.000,4.345
580,02/29/16 11:05:54 AM,68.698,42.100,0.2449,1.12,3.94,336.9,1508.7,0.000,4.363
581,02/29/16 11:15:54 AM,67.671,41.100,0.2449,1.70,5.64,329.9,1528.7,0.000,4.357
582,02/29/16 11:25:54 AM,68.400,40.900,0.2452,2.26,6.20,321.5,1541.2,0.000,4.345
583,02/29/16 11:35:54 AM,69.471,37.800,0.2452,1.70,6.20,321.5,1553.7,0.000,4.357
584,02/29/16 11:45:54 AM,70.372,36.900,0.2452,1.70,6.76,324.3,1563.7,0.000,4.351
585,02/29/16 11:55:54 AM,73.126,36.900,0.2452,1.12,6.76,147.4,1578.7,0.000,4.363
586,02/29/16 12:05:54 PM,71.060,35.900,0.2452,3.38,9.01,167.1,1586.2,0.000,4.351
587,02/29/16 12:15:54 PM,72.783,36.500,0.2452,2.82,8.46,189.5,1588.7,0.000,4.345
588,02/29/16 12:25:54 PM,72.351,36.600,0.2449,2.82,10.13,165.7,1581.2,0.000,4.363
589,02/29/16 12:35:54 PM,74.511,36.500,0.2449,1.70,5.08,105.3,1553.7,0.000,4.351
590,02/29/16 12:45:54 PM,73.731,35.400,0.2449,1.70,6.76,161.5,1543.7,0.000,4.357
591,02/29/16 12:55:54 PM,73.083,35.100,0.2445,2.26,8.46,110.9,1521.2,0.000,4.357
592,02/29/16 01:05:54 PM,74.206,35.400,0.2449,1.70,6.76,185.3,1508.7,0.000,4.345
593,02/29/16 01:15:54 PM,72.653,35.300,0.2445,2.26,9.57,329.9,1463.7,0.000,4.363
594,02/29/16 01:25:54 PM,71.834,34.700,0.2449,2.26,10.13,94.1,1443.7,0.000,4.345
595,02/29/16 01:35:54 PM,73.386,35.700,0.2449,1.12,8.46,304.7,1411.2,0.000,4.363
596,02/29/16 01:45:54 PM,72.567,35.600,0.2445,3.38,12.39,143.2,1378.7,0.000,4.351
597,02/29/16 01:55:54 PM,72.523,34.600,0.2449,2.82,9.57,190.9,1343.7,0.000,4.345
598,02/29/16 02:05:54 PM,71.620,34.600,0.2445,2.26,8.46,5.6,1288.7,0.000,4.363
599,02/29/16 02:15:54 PM,70.716,33.600,0.2445,2.26,6.76,60.4,1243.7,0.000,4.351
600,02/29/16 02:25:54 PM,70.072,33.700,0.2445,3.38,12.95,209.2,1203.7,0.000,4.363
601,02/29/16 02:35:54 PM,71.361,34.000,0.2445,4.50,9.57,210.6,1151.2,0.000,4.363
602,02/29/16 02:45:54 PM,70.803,33.500,0.2449,4.50,11.27,205.0,1093.7,0.000,4.381
603,02/29/16 02:55:54 PM,69.858,33.700,0.2449,3.94,9.01,219.0,1036.2,0.000,4.363
604,02/29/16 03:05:54 PM,69.643,34.600,0.2445,3.38,10.69,206.4,978.7,0.000,4.357
605,02/29/16 03:15:54 PM,70.459,35.600,0.2445,3.94,11.83,219.0,901.2,0.000,4.345
606,02/29/16 03:25:54 PM,69.942,36.200,0.2445,4.50,11.27,235.9,838.7,0.000,4.363
607,02/29/16 03:35:54 PM,69.514,36.100,0.2445,3.94,10.13,200.8,778.7,0.000,4.351
608,02/29/16 03:45:54 PM,70.158,36.700,0.2441,3.38,11.27,207.8,703.7,0.000,4.351
609,02/29/16 03:55:54 PM,69.042,36.200,0.2441,2.26,7.90,179.7,636.2,0.000,4.363
610,02/29/16 04:05:54 PM,68.657,36.600,0.2437,3.94,7.31,192.3,566.2,0.000,4.351
611,02/29/16 04:15:54 PM,68.443,36.100,0.2437,3.94,9.01,189.5,521.2,0.000,4.357
612,02/29/16 04:25:54 PM,67.413,37.700,0.2437,3.94,10.69,205.0,376.2,0.000,4.363
613,02/29/16 04:35:54 PM,66.943,39.600,0.2434,2.82,9.57,206.4,383.7,0.000,4.351
614,02/29/16 04:45:54 PM,66.385,41.100,0.2434,1.70,6.20,193.7,231.2,0.000,4.351
615,02/29/16 04:55:54 PM,65.145,44.300,0.2430,2.82,8.46,209.2,138.7,0.000,4.351
616,02/29/16 05:05:54 PM,64.888,45.400,0.2430,2.82,9.01,198.0,118.7,0.000,4.345
617,02/29/16 05:15:54 PM,64.288,45.400,0.2425,2.26,7.90,133.4,101.2,0.000,4.339
618,02/29/16 05:25:54 PM,63.990,45.700,0.2425,2.82,8.46,160.0,81.2,0.000,4.339
619,02/29/16 05:35:54 PM,62.875,48.100,0.2425,2.26,6.20,141.8,51.2,0.000,4.339
620,02/29/16 05:45:54 PM,62.748,49.500,0.2421,2.26,6.20,153.0,28.7,0.000,4.339
621,02/29/16 05:55:54 PM,61.677,51.200,0.2421,3.38,6.76,153.0,11.2,0.000,4.333
622,02/29/16 06:05:54 PM,61.848,52.700,0.2421,3.94,6.20,150.2,1.2,0.000,4.333
623,02/29/16 06:15:54 PM,61.761,53.700,0.2421,3.94,6.76,143.2,1.2,0.000,4.333
624,02/29/16 06:25:54 PM,61.376,53.800,0.2421,3.38,6.76,140.4,1.2,0.000,4.327
625,02/29/16 06:35:54 PM,60.260,54.700,0.2421,4.50,8.46,129.2,1.2,0.000,4.327
626,02/29/16 06:45:54 PM,59.572,55.900,0.2421,4.50,8.46,133.4,1.2,0.000,4.321
627,02/29/16 06:55:54 PM,59.659,52.600,0.2421,3.94,7.31,139.0,1.2,0.000,4.321
628,02/29/16 07:05:54 PM,59.873,50.300,0.2421,3.94,8.46,137.6,1.2,0.000,4.321
629,02/29/16 07:15:54 PM,60.390,47.900,0.2421,3.94,8.46,134.8,1.2,0.000,4.321
630,02/29/16 07:25:54 PM,58.626,48.600,0.2421,2.26,6.76,141.8,1.2,0.000,4.321
631,02/29/16 07:35:54 PM,57.160,51.800,0.2421,1.70,3.94,150.2,1.2,0.000,4.321
632,02/29/16 07:45:54 PM,57.636,51.100,0.2421,1.70,3.94,150.2,1.2,0.000,4.321
633,02/29/16 07:55:54 PM,56.772,49.600,0.2421,2.26,3.38,150.2,1.2,0.000,4.321
634,02/29/16 08:05:54 PM,56.901,52.200,0.2421,1.70,3.94,154.4,1.2,0.000,4.321
635,02/29/16 08:15:54 PM,57.247,52.500,0.2421,2.26,4.50,150.2,1.2,0.000,4.321
636,02/29/16 08:25:54 PM,56.772,56.200,0.2421,2.82,5.64,136.2,1.2,0.000,4.321
637,02/29/16 08:35:54 PM,56.728,59.900,0.2421,2.82,5.64,130.6,1.2,0.000,4.321
638,02/29/16 08:45:54 PM,58.626,57.200,0.2425,4.50,7.90,126.4,1.2,0.000,4.315
639,02/29/16 08:55:54 PM,58.885,55.400,0.2421,5.08,8.46,126.4,1.2,0.000,4.315
640,02/29/16 09:05:54 PM,58.498,56.200,0.2425,4.50,8.46,122.1,1.2,0.000,4.315
641,02/29/16 09:15:54 PM,57.463,56.700,0.2421,3.94,7.31,117.9,1.2,0.000,4.315
642,02/29/16 09:25:54 PM,55.776,60.000,0.2425,1.12,5.08,143.2,1.2,0.000,4.309
643,02/29/16 09:35:54 PM,56.340,61.400,0.2425,1.12,3.94,133.4,1.2,0.000,4.309
644,02/29/16 09:45:54 PM,56.512,61.100,0.2425,2.82,6.20,144.6,1.2,0.000,4.309
645,02/29/16 09:55:54 PM,55.906,60.600,0.2425,2.82,5.08,137.6,1.2,0.000,4.309
646,02/29/16 10:05:54 PM,54.995,62.200,0.2425,1.12,2.82,144.6,1.2,0.000,4.309
647,02/29/16 10:15:54 PM,56.165,62.100,0.2425,2.82,4.50,141.8,1.2,0.000,4.309
648,02/29/16 10:25:54 PM,54.691,61.700,0.2425,1.70,3.94,147.4,1.2,0.000,4.303
649,02/29/16 10:35:54 PM,54.820,61.700,0.2425,1.70,4.50,141.8,1.2,0.000,4.303
650,02/29/16 10:45:54 PM,55.168,62.500,0.2425,1.12,2.26,143.2,1.2,0.000,4.303
651,02/29/16 10:55:54 PM,54.909,63.500,0.2425,1.12,3.38,143.2,1.2,0.000,4.303
652,02/29/16 11:05:54 PM,54.734,64.300,0.2425,1.12,3.38,146.0,1.2,0.000,4.303
653,02/29/16 11:15:54 PM,54.300,66.100,0.2425,1.70,4.50,146.0,1.2,0.000,4.303
654,02/29/16 11:25:54 PM,53.427,65.900,0.2425,2.26,3.94,147.4,1.2,0.000,4.303
655,02/29/16 11:35:54 PM,54.909,66.000,0.2425,2.26,4.50,141.8,1.2,0.000,4.303
656,02/29/16 11:45:54 PM,54.648,65.000,0.2425,1.70,3.94,137.6,1.2,0.000,4.303
657,02/29/16 11:55:54 PM,54.169,66.300,0.2425,2.26,3.94,146.0,1.2,0.000,4.303
658,03/01/16 12:05:54 AM,53.341,67.500,0.2430,1.70,3.38,158.6,1.2,0.000,4.303
659,03/01/16 12:15:54 AM,52.772,69.100,0.2430,1.70,3.38,158.6,1.2,0.000,4.303
660,03/01/16 12:25:54 AM,53.253,67.800,0.2430,1.70,3.94,153.0,1.2,0.000,4.303
661,03/01/16 12:35:54 AM,52.772,69.600,0.2430,1.70,3.38,148.8,1.2,0.000,4.303
662,03/01/16 12:45:54 AM,51.940,70.100,0.2430,1.70,2.82,148.8,1.2,0.000,4.303
663,03/01/16 12:55:54 AM,51.282,72.400,0.2430,1.12,2.82,153.0,1.2,0.000,4.297
664,03/01/16 01:05:54 AM,53.166,70.600,0.2430,1.12,2.82,171.3,1.2,0.000,4.297
665,03/01/16 01:15:54 AM,52.903,69.300,0.2434,0.56,3.38,186.7,1.2,0.000,4.297
666,03/01/16 01:25:54 AM,51.633,69.900,0.2430,0.00,1.70,160.0,1.2,0.000,4.297
667,03/01/16 01:35:54 AM,52.641,69.900,0.2430,0.56,2.26,160.0,1.2,0.000,4.297
668,03/01/16 01:45:54 AM,52.817,68.300,0.2430,0.56,2.82,165.7,1.2,0.000,4.297
669,03/01/16 01:55:54 AM,52.466,68.400,0.2430,0.00,1.70,168.5,1.2,0.000,4.297
670,03/01/16 02:05:54 AM,51.895,69.200,0.2430,0.00,2.26,168.5,1.2,0.000,4.297
671,03/01/16 02:15:54 AM,52.029,69.100,0.2430,1.12,3.94,167.1,1.2,0.000,4.297
672,03/01/16 02:25:54 AM,52.291,69.700,0.2430,0.56,2.26,167.1,1.2,0.000,4.297
673,03/01/16 02:35:54 AM,52.115,69.300,0.2430,1.12,2.82,167.1,1.2,0.000,4.297
674,03/01/16 02:45:54 AM,51.193,70.700,0.2430,1.70,3.38,167.1,1.2,0.000,4.291
675,03/01/16 02:55:54 AM,51.589,71.400,0.2430,1.12,2.26,167.1,1.2,0.000,4.291
676,03/01/16 03:05:54 AM,52.378,69.800,0.2430,1.12,2.82,167.1,1.2,0.000,4.291
677,03/01/16 03:15:54 AM,51.325,70.800,0.2430,0.56,2.26,162.9,1.2,0.000,4.291
678,03/01/16 03:25:54 AM,51.282,71.500,0.2430,1.12,2.82,160.0,1.2,0.000,4.291
679,03/01/16 03:35:54 AM,50.400,72.300,0.2430,1.12,2.82,160.0,1.2,0.000,4.291
680,03/01/16 03:45:54 AM,50.709,73.700,0.2430,1.12,3.38,161.5,1.2,0.000,4.291
681,03/01/16 03:55:54 AM,50.092,73.900,0.2430,1.12,2.82,161.5,1.2,0.000,4.291
682,03/01/16 04:05:54 AM,49.914,74.600,0.2434,1.12,2.82,161.5,1.2,0.000,4.291
683,03/01/16 04:15:54 AM,49.870,75.100,0.2434,1.12,2.82,161.5,1.2,0.000,4.291
684,03/01/16 04:25:54 AM,49.914,75.300,0.2434,1.12,3.38,161.5,1.2,0.000,4.291
685,03/01/16 04:35:54 AM,50.002,75.100,0.2434,1.12,2.82,161.5,1.2,0.000,4.291
686,03/01/16 04:45:54 AM,50.445,74.400,0.2434,1.70,3.38,161.5,1.2,0.000,4.291
687,03/01/16 04:55:54 AM,49.782,74.600,0.2434,1.12,2.82,160.0,1.2,0.000,4.291
688,03/01/16 05:05:54 AM,49.870,74.500,0.2434,1.12,2.82,160.0,1.2,0.000,4.291
689,03/01/16 05:15:54 AM,50.135,74.200,0.2434,1.12,2.82,160.0,1.2,0.000,4.291
690,03/01/16 05:25:54 AM,49.516,75.000,0.2434,1.12,2.26,160.0,1.2,0.000,4.291
691,03/01/16 05:35:54 AM,50.886,75.500,0.2434,1.12,3.94,157.2,1.2,0.000,4.291
692,03/01/16 05:45:54 AM,50.223,74.500,0.2434,1.12,3.38,150.2,1.2,0.000,4.291
693,03/01/16 05:55:54 AM,50.002,75.400,0.2434,1.12,2.82,150.2,1.2,0.000,4.291
694,03/01/16 06:05:54 AM,50.356,74.700,0.2434,1.70,3.38,148.8,1.2,0.000,4.291
695,03/01/16 06:15:54 AM,50.002,75.300,0.2434,1.12,2.82,148.8,1.2,0.000,4.291
696,03/01/16 06:25:54 AM,49.561,75.300,0.2434,1.12,2.82,150.2,8.7,0.000,4.291
697,03/01/16 06:35:54 AM,49.782,75.800,0.2434,1.12,3.38,150.2,23.7,0.000,4.291
698,03/01/16 06:45:54 AM,50.445,75.100,0.2434,1.12,2.82,150.2,48.7,0.000,4.291
699,03/01/16 06:55:54 AM,51.589,74.200,0.2434,0.56,3.94,148.8,73.7,0.000,4.303
700,03/01/16 07:05:54 AM,51.413,72.400,0.2434,0.00,2.82,140.4,101.2,0.000,4.321
701,03/01/16 07:15:54 AM,51.589,73.800,0.2434,0.00,2.26,139.0,128.7,0.000,4.339
702,03/01/16 07:25:54 AM,51.501,74.600,0.2434,0.00,1.70,139.0,156.2,0.000,4.363
703,03/01/16 07:35:54 AM,53.690,75.200,0.2434,0.00,1.70,139.0,261.2,0.000,4.381
704,03/01/16 07:45:54 AM,56.685,72.600,0.2434,0.00,1.12,139.0,356.2,0.000,4.363
705,03/01/16 07:55:54 AM,57.807,66.800,0.2434,0.00,1.70,139.0,436.2,0.000,4.357
706,03/01/16 08:05:54 AM,58.626,65.100,0.2434,0.00,1.70,12.6,478.7,0.000,4.375
707,03/01/16 08:15:54 AM,59.099,63.800,0.2430,0.00,2.26,7.0,613.7,0.000,4.363
708,03/01/16 08:25:54 AM,61.590,61.900,0.2430,0.00,2.82,0.0,768.7,0.000,4.357
709,03/01/16 08:35:54 AM,60.260,58.200,0.2425,0.00,2.82,36.5,658.7,0.000,4.369
710,03/01/16 08:45:54 AM,59.185,59.900,0.2421,0.00,1.70,46.3,468.7,0.000,4.363
711,03/01/16 08:55:54 AM,60.132,62.500,0.2421,0.00,2.26,1.4,623.7,0.000,4.357
712,03/01/16 09:05:54 AM,60.604,60.500,0.2421,0.56,3.38,346.8,858.7,0.000,4.381
713,03/01/16 09:15:54 AM,62.490,59.800,0.2421,0.56,2.82,336.9,918.7,0.000,4.363
714,03/01/16 09:25:54 AM,61.547,57.800,0.2418,1.12,3.94,349.6,943.7,0.000,4.363
715,03/01/16 09:35:54 AM,63.304,57.500,0.2418,0.56,3.94,329.9,1056.2,0.000,4.351
716,03/01/16 09:45:54 AM,63.775,54.200,0.2418,1.70,5.08,335.5,1146.2,0.000,4.369
717,03/01/16 09:55:54 AM,64.459,53.000,0.2418,1.12,5.08,322.9,1141.2,0.000,4.363
718,03/01/16 10:05:54 AM,67.671,49.800,0.2418,1.12,3.38,318.7,1351.2,0.000,4.351
719,03/01/16 10:15:54 AM,63.475,52.000,0.2414,1.70,5.08,327.1,921.2,0.000,4.363
720,03/01/16 10:25:54 AM,64.459,53.400,0.2418,0.00,2.82,325.7,781.2,0.000,4.357
721,03/01/16 10:35:54 AM,65.487,53.900,0.2418,0.00,3.38,352.4,908.7,0.000,4.400
722,03/01/16 10:45:54 AM,65.574,53.400,0.2418,2.26,5.64,311.7,1396.2,0.000,4.363
723,03/01/16 10:55:54 AM,67.627,50.800,0.2418,1.70,5.64,322.9,1333.7,0.000,4.351
724,03/01/16 11:05:54 AM,66.943,50.700,0.2418,1.12,4.50,335.5,1176.2,0.000,4.363
725,03/01/16 11:15:54 AM,71.361,46.700,0.2418,1.12,5.08,209.2,1463.7,0.000,4.351
726,03/01/16 11:25:54 AM,70.072,43.200,0.2418,1.70,5.08,217.6,1303.7,0.000,4.400
727,03/01/16 11:35:54 AM,70.243,43.500,0.2421,2.82,7.90,202.2,1483.7,0.000,4.363
728,03/01/16 11:45:54 AM,68.913,43.200,0.2418,2.82,9.01,183.9,1478.7,0.000,4.351
729,03/01/16 11:55:54 AM,70.459,44.000,0.2421,2.82,7.31,158.6,1508.7,0.000,4.369
730,03/01/16 12:05:54 PM,69.170,43.900,0.2418,3.38,8.46,181.1,1506.2,0.000,4.357
731,03/01/16 12:15:54 PM,69.129,44.700,0.2418,3.94,10.69,176.9,1521.2,0.000,4.351
732,03/01/16 12:25:54 PM,70.029,44.300,0.2418,2.82,9.01,185.3,1526.2,0.000,4.363
733,03/01/16 12:35:54 PM,71.620,44.400,0.2418,2.82,7.90,189.5,1536.2,0.000,4.351
734,03/01/16 12:45:54 PM,70.930,43.600,0.2414,2.82,9.57,212.0,1513.7,0.000,4.381
735,03/01/16 12:55:54 PM,72.437,43.300,0.2418,1.70,6.76,23.9,1413.7,0.000,4.363
736,03/01/16 01:05:54 PM,70.158,43.600,0.2418,2.26,9.57,66.0,1086.2,0.000,4.351
737,03/01/16 01:15:54 PM,68.785,46.500,0.2418,4.50,13.51,132.0,1046.2,0.000,4.375
738,03/01/16 01:25:54 PM,66.943,46.300,0.2418,2.82,8.46,82.8,906.2,0.000,4.351
739,03/01/16 01:35:54 PM,68.698,47.500,0.2418,2.82,7.31,186.7,1248.7,0.000,4.345
740,03/01/16 01:45:54 PM,66.943,47.700,0.2418,2.26,10.13,338.3,586.2,0.000,4.351
741,03/01/16 01:55:54 PM,66.130,50.400,0.2418,3.38,7.90,258.3,391.2,0.000,4.345
742,03/01/16 02:05:54 PM,67.199,50.400,0.2418,1.70,7.90,283.6,448.7,0.000,4.363
743,03/01/16 02:15:54 PM,67.028,49.900,0.2414,1.70,5.08,334.1,541.2,0.000,4.351
744,03/01/16 02:25:54 PM,66.258,50.100,0.2414,2.26,7.31,315.9,413.7,0.000,4.369
745,03/01/16 02:35:54 PM,65.829,51.300,0.2414,0.56,5.08,338.3,288.7,0.000,4.381
746,03/01/16 02:45:54 PM,65.145,51.600,0.2414,2.82,7.90,126.4,278.7,0.000,4.363
747,03/01/16 02:55:54 PM,65.017,51.900,0.2410,2.26,9.57,39.3,261.2,0.000,4.393
748,03/01/16 03:05:54 PM,64.632,52.800,0.2410,1.12,5.08,109.5,241.2,0.000,4.369
749,03/01/16 03:15:54 PM,64.674,53.400,0.2410,0.56,5.64,47.7,211.2,0.000,4.363
750,03/01/16 03:25:54 PM,64.974,53.600,0.2406,0.56,5.64,355.2,191.2,0.000,4.357
751,03/01/16 03:35:54 PM,63.946,53.900,0.2406,1.70,7.31,80.0,253.7,0.000,4.363
752,03/01/16 03:45:54 PM,64.074,54.600,0.2406,0.56,4.50,80.0,178.7,0.000,4.363
753,03/01/16 03:55:54 PM,64.204,54.900,0.2403,0.00,2.26,92.7,146.2,0.000,4.351
754,03/01/16 04:05:54 PM,63.946,54.300,0.2406,2.26,9.01,286.4,126.2,0.000,4.357
755,03/01/16 04:15:54 PM,63.176,54.600,0.2403,2.26,8.46,300.4,138.7,0.000,4.357
756,03/01/16 04:25:54 PM,63.518,53.200,0.2403,1.70,6.76,207.8,143.7,0.000,4.363
757,03/01/16 04:35:54 PM,63.262,53.100,0.2403,1.12,6.20,169.9,106.2,0.000,4.351
758,03/01/16 04:45:54 PM,61.547,56.800,0.2399,1.70,6.76,210.6,101.2,0.000,4.351
759,03/01/16 04:55:54 PM,61.333,59.200,0.2399,1.70,5.08,195.1,83.7,0.000,4.351
760,03/01/16 05:05:54 PM,61.032,60.400,0.2399,0.56,3.38,146.0,48.7,0.000,4.345
761,03/01/16 05:15:54 PM,61.333,60.700,0.2399,0.00,2.82,126.4,36.2,0.000,4.339
762,03/01/16 05:25:54 PM,60.390,59.900,0.2399,0.00,2.82,155.8,18.7,0.000,4.339
763,03/01/16 05:35:54 PM,59.616,62.500,0.2399,0.00,1.70,157.2,6.2,0.000,4.339
764,03/01/16 05:45:54 PM,59.315,63.300,0.2399,0.00,1.12,157.2,3.7,0.000,4.339
765,03/01/16 05:55:54 PM,59.272,63.800,0.2399,0.00,1.12,157.2,1.2,0.000,4.333
766,03/01/16 06:05:54 PM,59.014,64.100,0.2399,0.00,1.12,154.4,1.2,0.000,4.333
767,03/01/16 06:15:54 PM,58.842,65.100,0.2399,0.00,3.38,154.4,1.2,0.000,4.333
768,03/01/16 06:25:54 PM,58.109,65.300,0.2399,0.56,2.26,150.2,1.2,0.000,4.333
769,03/01/16 06:35:54 PM,57.979,65.300,0.2399,0.56,2.26,148.8,1.2,0.000,4.327
770,03/01/16 06:45:54 PM,57.850,65.200,0.2399,0.00,1.70,148.8,1.2,0.000,4.321
771,03/01/16 06:55:54 PM,57.247,66.300,0.2399,0.00,1.12,148.8,1.2,0.000,4.321
772,03/01/16 07:05:54 PM,57.333,66.000,0.2399,0.00,1.70,148.8,1.2,0.000,4.321
773,03/01/16 07:15:54 PM,57.765,66.000,0.2399,0.00,1.70,148.8,1.2,0.000,4.321
774,03/01/16 07:25:54 PM,57.074,65.700,0.2399,0.00,1.12,148.8,1.2,0.000,4.321
775,03/01/16 07:35:54 PM,56.815,66.200,0.2399,0.56,1.70,148.8,1.2,0.000,4.321
776,03/01/16 07:45:54 PM,57.117,64.800,0.2399,1.12,3.38,147.4,1.2,0.000,4.321
777,03/01/16 07:55:54 PM,56.295,65.700,0.2399,1.70,2.82,144.6,1.2,0.000,4.321
778,03/01/16 08:05:54 PM,56.556,65.200,0.2399,1.70,3.38,144.6,1.2,0.000,4.321
779,03/01/16 08:15:54 PM,57.936,61.000,0.2399,1.70,4.50,134.8,1.2,0.000,4.321
780,03/01/16 08:25:54 PM,57.117,59.600,0.2399,0.00,1.70,146.0,1.2,0.000,4.321
781,03/01/16 08:35:54 PM,56.858,61.800,0.2399,0.56,3.38,146.0,1.2,0.000,4.315
782,03/01/16 08:45:54 PM,56.079,62.200,0.2399,0.00,2.26,146.0,1.2,0.000,4.315
783,03/01/16 08:55:54 PM,56.512,64.200,0.2399,0.56,1.70,146.0,1.2,0.000,4.315
784,03/01/16 09:05:54 PM,56.728,62.400,0.2399,1.70,3.94,141.8,1.2,0.000,4.315
785,03/01/16 09:15:54 PM,55.472,63.000,0.2399,0.56,2.26,136.2,1.2,0.000,4.315
786,03/01/16 09:25:54 PM,55.733,65.300,0.2394,0.00,2.82,137.6,1.2,0.000,4.309
787,03/01/16 09:35:54 PM,56.122,62.700,0.2399,1.12,3.38,139.0,1.2,0.000,4.309
788,03/01/16 09:45:54 PM,55.602,64.700,0.2399,0.00,1.70,140.4,1.2,0.000,4.309
789,03/01/16 09:55:54 PM,55.863,65.800,0.2399,0.00,1.70,140.4,1.2,0.000,4.303
790,03/01/16 10:05:54 PM,55.733,66.500,0.2399,0.56,1.70,140.4,1.2,0.000,4.303
791,03/01/16 10:15:54 PM,55.690,66.100,0.2399,0.00,1.70,140.4,1.2,0.000,4.303
792,03/01/16 10:25:54 PM,55.299,67.600,0.2399,0.00,1.70,140.4,1.2,0.000,4.303
793,03/01/16 10:35:54 PM,55.386,67.500,0.2399,0.00,1.70,140.4,1.2,0.000,4.303
794,03/01/16 10:45:54 PM,55.949,66.400,0.2399,0.56,2.26,140.4,1.2,0.000,4.303
795,03/01/16 10:55:54 PM,55.647,66.900,0.2399,0.00,2.82,137.6,1.2,0.000,4.303
796,03/01/16 11:05:54 PM,54.561,66.700,0.2399,0.56,3.38,124.9,1.2,0.000,4.303
797,03/01/16 11:15:54 PM,54.604,68.900,0.2399,1.12,4.50,137.6,1.2,0.000,4.303
798,03/01/16 11:25:54 PM,53.341,68.900,0.2399,1.12,3.94,137.6,1.2,0.000,4.303
799,03/01/16 11:35:54 PM,53.690,70.200,0.2399,1.70,4.50,139.0,1.2,0.000,4.303
800,03/01/16 11:45:54 PM,53.035,70.300,0.2399,1.12,3.38,144.6,1.2,0.000,4.303
801,03/01/16 11:55:54 PM,53.166,71.400,0.2399,0.56,3.38,144.6,1.2,0.000,4.303
802,03/02/16 12:05:54 AM,53.515,71.700,0.2403,1.70,3.94,143.2,1.2,0.000,4.303
803,03/02/16 12:15:54 AM,52.860,71.000,0.2399,1.70,3.94,146.0,1.2,0.000,4.303
804,03/02/16 12:25:54 AM,54.082,71.800,0.2399,1.70,3.94,144.6,1.2,0.000,4.303
805,03/02/16 12:35:54 AM,53.384,71.100,0.2403,1.70,3.38,139.0,1.2,0.000,4.303
806,03/02/16 12:45:54 AM,53.951,70.900,0.2403,2.26,5.08,144.6,1.2,0.000,4.297
807,03/02/16 12:55:54 AM,53.733,71.000,0.2403,1.70,4.50,133.4,1.2,0.000,4.297
808,03/02/16 01:05:54 AM,53.645,71.000,0.2403,0.56,2.82,122.1,1.2,0.000,4.297
809,03/02/16 01:15:54 AM,51.721,72.600,0.2403,0.00,1.70,123.5,1.2,0.000,4.297
810,03/02/16 01:25:54 AM,51.809,74.800,0.2403,1.12,2.82,123.5,1.2,0.000,4.297
811,03/02/16 01:35:54 AM,51.237,75.300,0.2403,1.12,2.26,124.9,1.2,0.000,4.297
812,03/02/16 01:45:54 AM,51.809,75.500,0.2403,0.00,1.70,127.8,1.2,0.000,4.297
813,03/02/16 01:55:54 AM,52.729,73.300,0.2403,0.56,2.26,127.8,1.2,0.000,4.297
814,03/02/16 02:05:54 AM,51.501,73.800,0.2403,0.56,1.70,129.2,1.2,0.000,4.297
815,03/02/16 02:15:54 AM,50.974,74.500,0.2403,0.56,2.26,129.2,1.2,0.000,4.297
816,03/02/16 02:25:54 AM,50.488,76.000,0.2406,1.12,2.26,129.2,1.2,0.000,4.297
817,03/02/16 02:35:54 AM,50.356,77.100,0.2406,0.56,2.26,134.8,1.2,0.000,4.297
818,03/02/16 02:45:54 AM,50.752,76.900,0.2406,0.00,1.70,134.8,1.2,0.000,4.297
819,03/02/16 02:55:54 AM,51.809,75.100,0.2406,0.00,2.26,134.8,1.2,0.000,4.291
820,03/02/16 03:05:54 AM,51.413,73.900,0.2406,0.56,2.82,134.8,1.2,0.000,4.291
821,03/02/16 03:15:54 AM,50.135,76.300,0.2406,0.00,1.70,134.8,1.2,0.000,4.291
822,03/02/16 03:25:54 AM,50.223,77.500,0.2406,0.00,1.70,134.8,1.2,0.000,4.291
823,03/02/16 03:35:54 AM,50.709,76.900,0.2406,0.00,1.70,134.8,1.2,0.000,4.291
824,03/02/16 03:45:54 AM,50.223,77.100,0.2406,0.56,2.82,137.6,1.2,0.000,4.291
825,03/02/16 03:55:54 AM,50.268,77.700,0.2406,0.56,2.26,139.0,1.2,0.000,4.291
826,03/02/16 04:05:54 AM,50.974,74.600,0.2406,0.00,2.26,144.6,1.2,0.000,4.291
827,03/02/16 04:15:54 AM,50.135,75.500,0.2410,0.00,2.26,148.8,1.2,0.000,4.291
828,03/02/16 04:25:54 AM,51.017,75.500,0.2410,0.00,1.70,148.8,1.2,0.000,4.291
829,03/02/16 04:35:54 AM,51.017,74.200,0.2410,0.56,2.26,148.8,1.2,0.000,4.291
830,03/02/16 04:45:54 AM,51.193,74.100,0.2410,0.00,1.70,148.8,1.2,0.000,4.291
831,03/02/16 04:55:54 AM,50.576,75.800,0.2410,0.56,2.82,148.8,1.2,0.000,4.291
832,03/02/16 05:05:54 AM,50.268,76.600,0.2410,1.12,2.82,148.8,1.2,0.000,4.291
833,03/02/16 05:15:54 AM,51.017,76.100,0.2410,0.56,3.94,144.6,1.2,0.000,4.291
834,03/02/16 05:25:54 AM,49.383,76.900,0.2410,0.00,1.70,134.8,1.2,0.000,4.291
835,03/02/16 05:35:54 AM,49.204,78.800,0.2410,0.56,2.26,134.8,1.2,0.000,4.291
836,03/02/16 05:45:54 AM,49.204,79.200,0.2410,1.12,2.82,134.8,1.2,0.000,4.291
837,03/02/16 05:55:54 AM,48.360,79.600,0.2410,1.12,2.26,134.8,1.2,0.000,4.291
838,03/02/16 06:05:54 AM,48.805,80.700,0.2410,1.12,2.26,134.8,1.2,0.000,4.291
839,03/02/16 06:15:54 AM,48.850,80.300,0.2414,1.12,2.26,134.8,1.2,0.000,4.291
840,03/02/16 06:25:54 AM,48.672,80.800,0.2414,1.12,2.26,134.8,8.7,0.000,4.291
841,03/02/16 06:35:54 AM,48.493,81.100,0.2414,1.12,2.82,139.0,26.2,0.000,4.291
842,03/02/16 06:45:54 AM,48.762,82.100,0.2414,1.12,2.26,140.4,48.7,0.000,4.291
843,03/02/16 06:55:54 AM,49.471,81.000,0.2414,1.12,2.26,140.4,78.7,0.000,4.303
844,03/02/16 07:05:54 AM,49.249,81.000,0.2414,0.56,1.70,140.4,108.7,0.000,4.321
845,03/02/16 07:15:54 AM,49.737,81.900,0.2414,0.00,1.70,140.4,141.2,0.000,4.345
846,03/02/16 07:25:54 AM,51.017,81.700,0.2414,0.00,1.12,140.4,171.2,0.000,4.381
847,03/02/16 07:35:54 AM,54.777,77.700,0.2414,0.00,1.70,140.4,276.2,0.000,4.387
848,03/02/16 07:45:54 AM,55.386,74.100,0.2410,0.00,1.12,132.0,343.7,0.000,4.375
849,03/02/16 07:55:54 AM,54.169,73.400,0.2410,0.00,1.70,23.9,408.7,0.000,4.363
850,03/02/16 08:05:54 AM,55.949,74.100,0.2410,0.00,1.12,320.1,476.2,0.000,4.430
851,03/02/16 08:15:54 AM,56.642,72.200,0.2406,0.00,3.38,308.9,533.7,0.000,4.369
852,03/02/16 08:25:54 AM,57.592,71.600,0.2406,0.00,3.38,355.2,593.7,0.000,4.363
853,03/02/16 08:35:54 AM,60.260,69.000,0.2406,0.00,2.82,0.0,673.7,0.000,4.351
854,03/02/16 08:45:54 AM,59.315,65.500,0.2403,0.56,3.38,351.0,753.7,0.000,4.381
855,03/02/16 08:55:54 AM,58.971,67.500,0.2403,1.12,3.38,329.9,811.2,0.000,4.363
856,03/02/16 09:05:54 AM,60.089,66.600,0.2399,0.56,3.94,339.7,808.7,0.000,4.363
857,03/02/16 09:15:54 AM,58.582,65.900,0.2399,0.00,2.26,352.4,536.2,0.000,4.381
858,03/02/16 09:25:54 AM,58.152,67.700,0.2399,0.00,2.82,335.5,591.2,0.000,4.363
859,03/02/16 09:35:54 AM,60.217,66.900,0.2399,0.00,1.70,331.3,781.2,0.000,4.363
860,03/02/16 09:45:54 AM,60.303,66.400,0.2399,0.00,2.82,341.2,646.2,0.000,4.393
861,03/02/16 09:55:54 AM,60.132,66.100,0.2399,0.00,2.26,25.3,708.7,0.000,4.363
862,03/02/16 10:05:54 AM,63.775,65.300,0.2399,0.00,3.38,331.3,1176.2,0.000,4.357
863,03/02/16 10:15:54 AM,64.033,61.800,0.2394,0.56,5.08,355.2,1231.2,0.000,4.381
864,03/02/16 10:25:54 AM,63.990,61.300,0.2394,1.70,5.08,327.1,1256.2,0.000,4.363
865,03/02/16 10:35:54 AM,65.701,58.900,0.2394,1.12,4.50,332.7,1278.7,0.000,4.357
866,03/02/16 10:45:54 AM,64.674,58.200,0.2394,1.70,4.50,320.1,1316.2,0.000,4.442
867,03/02/16 10:55:54 AM,66.173,56.700,0.2394,1.70,5.64,314.5,1336.2,0.000,4.363
868,03/02/16 11:05:54 AM,65.788,55.600,0.2399,1.70,5.64,336.9,1381.2,0.000,4.357
869,03/02/16 11:15:54 AM,65.872,55.500,0.2399,2.26,5.64,328.5,1418.7,0.000,4.351
870,03/02/16 11:25:54 AM,68.185,54.700,0.2399,1.70,5.64,311.7,1433.7,0.000,4.369
871,03/02/16 11:35:54 AM,68.527,48.600,0.2399,2.26,6.76,283.6,1463.7,0.000,4.363
872,03/02/16 11:45:54 AM,67.500,47.800,0.2403,3.38,7.90,311.7,1528.7,0.000,4.351
873,03/02/16 11:55:54 AM,70.201,47.700,0.2403,1.70,6.76,342.6,1533.7,0.000,4.369
874,03/02/16 12:05:54 PM,69.471,46.300,0.2403,2.26,9.01,245.7,1538.7,0.000,4.363
875,03/02/16 12:15:54 PM,69.471,46.800,0.2403,2.26,8.46,230.2,1546.2,0.000,4.351
876,03/02/16 12:25:54 PM,68.571,46.900,0.2399,4.50,11.27,183.9,1566.2,0.000,4.363
877,03/02/16 12:35:54 PM,69.085,48.500,0.2399,2.82,8.46,259.7,1463.7,0.000,4.351
878,03/02/16 12:45:54 PM,69.685,48.700,0.2399,3.38,14.09,203.6,1556.2,0.000,4.363
879,03/02/16 12:55:54 PM,67.285,49.400,0.2394,4.50,10.13,113.7,1148.7,0.000,4.351
880,03/02/16 01:05:54 PM,66.173,52.000,0.2394,5.08,11.27,157.2,963.7,0.000,4.345
881,03/02/16 01:15:54 PM,67.500,54.400,0.2399,3.38,12.95,174.1,701.2,0.000,4.363
882,03/02/16 01:25:54 PM,66.814,54.400,0.2399,2.82,10.69,147.4,771.2,0.000,4.351
883,03/02/16 01:35:54 PM,66.558,54.500,0.2399,3.94,10.13,157.2,893.7,0.000,4.363
884,03/02/16 01:45:54 PM,65.959,56.400,0.2394,4.50,10.69,181.1,683.7,0.000,4.357
885,03/02/16 01:55:54 PM,66.772,55.100,0.2394,3.38,8.46,117.9,958.7,0.000,4.363
886,03/02/16 02:05:54 PM,65.145,57.100,0.2394,5.64,11.27,164.3,431.2,0.000,4.363
887,03/02/16 02:15:54 PM,64.717,58.600,0.2394,6.20,12.95,143.2,441.2,0.000,4.351
888,03/02/16 02:25:54 PM,66.429,59.500,0.2394,6.20,11.83,140.4,706.2,0.000,4.363
889,03/02/16 02:35:54 PM,65.872,57.600,0.2390,5.64,13.51,144.6,936.2,0.000,4.351
890,03/02/16 02:45:54 PM,66.385,57.800,0.2387,6.20,11.83,124.9,1016.2,0.000,4.375
891,03/02/16 02:55:54 PM,65.872,56.700,0.2387,5.64,12.95,112.3,971.2,0.000,4.357
892,03/02/16 03:05:54 PM,67.413,55.900,0.2383,3.94,10.13,136.2,1021.2,0.000,4.363
893,03/02/16 03:15:54 PM,65.574,56.800,0.2387,5.64,12.39,134.8,753.7,0.000,4.351
894,03/02/16 03:25:54 PM,64.632,57.700,0.2383,4.50,9.57,146.0,463.7,0.000,4.351
895,03/02/16 03:35:54 PM,65.273,58.400,0.2383,4.50,12.95,134.8,431.2,0.000,4.363
896,03/02/16 03:45:54 PM,65.145,55.800,0.2383,3.94,10.69,141.8,456.2,0.000,4.351
897,03/02/16 03:55:54 PM,64.974,56.100,0.2383,3.94,8.46,164.3,418.7,0.000,4.369
898,03/02/16 04:05:54 PM,64.204,58.000,0.2383,3.38,10.13,190.9,298.7,0.000,4.363
899,03/02/16 04:15:54 PM,63.819,60.000,0.2379,2.82,8.46,176.9,228.7,0.000,4.357
900,03/02/16 04:25:54 PM,63.262,61.500,0.2379,3.38,7.90,154.4,188.7,0.000,4.363
901,03/02/16 04:35:54 PM,63.005,63.100,0.2379,3.94,10.13,124.9,151.2,0.000,4.393
902,03/02/16 04:45:54 PM,63.090,63.700,0.2379,5.08,10.69,137.6,171.2,0.000,4.363
903,03/02/16 04:55:54 PM,62.962,64.300,0.2374,7.31,15.77,136.2,178.7,0.000,4.363
904,03/02/16 05:05:54 PM,62.919,64.400,0.2374,6.20,14.65,124.9,128.7,0.000,4.357
905,03/02/16 05:15:54 PM,62.704,64.800,0.2374,6.76,13.51,132.0,103.7,0.000,4.351
906,03/02/16 05:25:54 PM,62.362,64.800,0.2374,6.20,11.83,136.2,76.2,0.000,4.345
907,03/02/16 05:35:54 PM,62.148,64.600,0.2374,5.64,10.69,136.2,46.2,0.000,4.339
908,03/02/16 05:45:54 PM,62.148,62.800,0.2374,6.76,11.27,134.8,26.2,0.000,4.339
909,03/02/16 05:55:54 PM,61.590,63.200,0.2374,5.64,12.39,130.6,13.7,0.000,4.339
910,03/02/16 06:05:54 PM,61.290,63.700,0.2374,5.64,10.69,133.4,3.7,0.000,4.339
911,03/02/16 06:15:54 PM,60.474,64.900,0.2374,4.50,8.46,134.8,1.2,0.000,4.333
912,03/02/16 06:25:54 PM,60.132,66.300,0.2374,4.50,7.31,134.8,1.2,0.000,4.333
913,03/02/16 06:35:54 PM,59.788,64.900,0.2374,3.94,7.90,130.6,1.2,0.000,4.333
914,03/02/16 06:45:54 PM,59.445,67.300,0.2374,3.94,6.76,130.6,1.2,0.000,4.333
915,03/02/16 06:55:54 PM,59.659,66.400,0.2374,3.38,6.76,129.2,1.2,0.000,4.333
916,03/02/16 07:05:54 PM,58.325,66.800,0.2374,2.26,4.50,143.2,1.2,0.000,4.327
917,03/02/16 07:15:54 PM,58.368,67.800,0.2374,2.82,5.64,143.2,1.2,0.000,4.321
918,03/02/16 07:25:54 PM,57.722,68.500,0.2374,2.26,5.64,148.8,1.2,0.000,4.321
919,03/02/16 07:35:54 PM,56.728,70.300,0.2374,1.70,3.94,153.0,1.2,0.000,4.321
920,03/02/16 07:45:54 PM,56.728,71.000,0.2374,0.00,2.26,153.0,1.2,0.000,4.321
921,03/02/16 07:55:54 PM,55.863,72.300,0.2374,0.00,1.70,153.0,1.2,0.000,4.321
922,03/02/16 08:05:54 PM,55.515,74.000,0.2374,1.12,2.82,153.0,1.2,0.000,4.321
923,03/02/16 08:15:54 PM,55.647,75.100,0.2374,1.70,3.38,153.0,1.2,0.000,4.321
924,03/02/16 08:25:54 PM,55.949,74.700,0.2374,1.70,3.38,153.0,1.2,0.000,4.321
925,03/02/16 08:35:54 PM,56.642,73.700,0.2374,1.70,3.38,147.4,1.2,0.000,4.321
926,03/02/16 08:45:54 PM,57.592,72.200,0.2374,1.12,3.38,146.0,1.2,0.000,4.321
927,03/02/16 08:55:54 PM,57.463,71.300,0.2374,1.12,2.82,146.0,1.2,0.000,4.315
928,03/02/16 09:05:54 PM,56.858,71.000,0.2374,1.12,2.82,146.0,1.2,0.000,4.315
929,03/02/16 09:15:54 PM,56.988,72.000,0.2374,2.26,5.64,144.6,1.2,0.000,4.315
930,03/02/16 09:25:54 PM,56.208,73.000,0.2374,1.70,5.08,136.2,1.2,0.000,4.315
931,03/02/16 09:35:54 PM,55.602,73.500,0.2379,1.70,3.94,140.4,1.2,0.000,4.315
932,03/02/16 09:45:54 PM,55.733,74.300,0.2374,2.26,3.94,144.6,1.2,0.000,4.315
933,03/02/16 09:55:54 PM,56.251,74.300,0.2374,2.26,5.08,144.6,1.2,0.000,4.309
934,03/02/16 10:05:54 PM,55.515,74.100,0.2374,2.26,4.50,144.6,1.2,0.000,4.309
935,03/02/16 10:15:54 PM,55.906,74.500,0.2374,2.26,3.94,141.8,1.2,0.000,4.309
936,03/02/16 10:25:54 PM,55.125,75.100,0.2379,1.70,2.82,140.4,1.2,0.000,4.309
937,03/02/16 10:35:54 PM,55.081,75.700,0.2374,1.70,3.38,148.8,1.2,0.000,4.309
938,03/02/16 10:45:54 PM,54.691,76.400,0.2379,1.70,4.50,148.8,1.2,0.000,4.303
939,03/02/16 10:55:54 PM,55.125,76.800,0.2379,1.70,3.38,151.6,1.2,0.000,4.303
940,03/02/16 11:05:54 PM,54.865,76.800,0.2379,1.12,2.82,151.6,1.2,0.000,4.303
941,03/02/16 11:15:54 PM,55.256,76.000,0.2379,1.12,2.82,151.6,1.2,0.000,4.303
942,03/02/16 11:25:54 PM,55.429,76.700,0.2379,1.70,5.08,141.8,1.2,0.000,4.303
943,03/02/16 11:35:54 PM,54.648,77.200,0.2379,1.12,2.82,136.2,1.2,0.000,4.303
944,03/02/16 11:45:54 PM,54.516,78.400,0.2379,1.12,3.38,136.2,1.2,0.000,4.303
945,03/02/16 11:55:54 PM,54.777,78.700,0.2379,1.70,3.94,143.2,1.2,0.000,4.303
946,03/03/16 12:05:54 AM,55.647,78.200,0.2379,1.70,4.50,146.0,1.2,0.000,4.303
947,03/03/16 12:15:54 AM,55.472,77.200,0.2379,2.26,4.50,140.4,1.2,0.000,4.303
948,03/03/16 12:25:54 AM,54.343,78.100,0.2383,1.70,3.38,139.0,1.2,0.000,4.303
949,03/03/16 12:35:54 AM,54.516,79.500,0.2383,1.12,2.82,144.6,1.2,0.000,4.303
950,03/03/16 12:45:54 AM,54.995,78.900,0.2379,1.12,2.82,144.6,1.2,0.000,4.297
951,03/03/16 12:55:54 AM,54.604,79.400,0.2379,1.70,3.94,144.6,1.2,0.000,4.297
952,03/03/16 01:05:54 AM,54.777,79.600,0.2379,1.70,4.50,140.4,1.2,0.000,4.297
953,03/03/16 01:15:54 AM,54.909,79.200,0.2379,1.12,3.38,136.2,1.2,0.000,4.297
954,03/03/16 01:25:54 AM,53.820,80.500,0.2379,0.56,3.38,123.5,1.2,0.000,4.297
955,03/03/16 01:35:54 AM,53.951,82.500,0.2383,0.56,3.94,127.8,1.2,0.000,4.297
956,03/03/16 01:45:54 AM,53.341,81.800,0.2383,0.56,3.38,119.3,1.2,0.000,4.297
957,03/03/16 01:55:54 AM,53.472,83.300,0.2383,0.00,1.70,119.3,1.2,0.000,4.297
958,03/03/16 02:05:54 AM,53.472,83.400,0.2383,0.00,1.12,119.3,1.2,0.000,4.297
959,03/03/16 02:15:54 AM,52.903,83.900,0.2383,1.12,3.38,127.8,1.2,0.000,4.297
960,03/03/16 02:25:54 AM,53.078,84.200,0.2383,1.12,2.82,141.8,1.2,0.000,4.297
961,03/03/16 02:35:54 AM,53.384,84.000,0.2383,1.12,2.26,141.8,1.2,0.000,4.297
962,03/03/16 02:45:54 AM,54.300,82.800,0.2383,0.00,0.56,141.8,1.2,0.000,4.291
963,03/03/16 02:55:54 AM,53.645,82.600,0.2383,0.56,1.70,141.8,1.2,0.000,4.297
964,03/03/16 03:05:54 AM,53.209,83.300,0.2383,0.56,2.26,141.8,1.2,0.000,4.291
965,03/03/16 03:15:54 AM,52.903,83.900,0.2383,0.56,1.70,141.8,1.2,0.000,4.291
966,03/03/16 03:25:54 AM,53.865,84.100,0.2383,1.12,3.38,141.8,1.2,0.000,4.291
967,03/03/16 03:35:54 AM,53.559,83.900,0.2383,0.56,1.70,141.8,1.2,0.000,4.291
968,03/03/16 03:45:54 AM,53.384,85.000,0.2383,1.12,2.26,141.8,1.2,0.000,4.291
969,03/03/16 03:55:54 AM,53.209,84.200,0.2383,0.56,2.26,141.8,1.2,0.000,4.291
970,03/03/16 04:05:54 AM,52.772,84.800,0.2383,0.56,1.70,141.8,1.2,0.000,4.291
971,03/03/16 04:15:54 AM,53.166,85.300,0.2383,0.56,2.26,141.8,1.2,0.000,4.291
972,03/03/16 04:25:54 AM,53.298,85.200,0.2383,0.56,2.26,141.8,1.2,0.000,4.291
973,03/03/16 04:35:54 AM,53.427,85.300,0.2383,0.00,1.12,141.8,1.2,0.000,4.291
974,03/03/16 04:45:54 AM,53.341,84.900,0.2383,0.00,1.70,141.8,1.2,0.000,4.291
975,03/03/16 04:55:54 AM,53.776,85.000,0.2379,0.00,1.70,141.8,1.2,0.000,4.291
976,03/03/16 05:05:54 AM,53.865,84.400,0.2383,0.56,1.70,141.8,1.2,0.000,4.291
977,03/03/16 05:15:54 AM,53.951,83.900,0.2383,0.00,0.56,141.8,1.2,0.000,4.291
978,03/03/16 05:25:54 AM,53.645,84.700,0.2379,0.00,1.70,141.8,1.2,0.000,4.291
979,03/03/16 05:35:54 AM,53.602,85.200,0.2379,0.00,1.12,141.8,1.2,0.000,4.291
980,03/03/16 05:45:54 AM,53.776,85.800,0.2379,0.00,1.12,141.8,1.2,0.000,4.291
981,03/03/16 05:55:54 AM,53.427,84.400,0.2379,0.00,2.26,141.8,1.2,0.000,4.291
982,03/03/16 06:05:54 AM,54.648,85.000,0.2379,0.56,2.26,141.8,1.2,0.000,4.291
983,03/03/16 06:15:54 AM,54.169,84.100,0.2379,0.00,1.70,141.8,1.2,0.000,4.291
984,03/03/16 06:25:54 AM,54.734,84.700,0.2379,0.00,0.56,141.8,3.7,0.000,4.291
985,03/03/16 06:35:54 AM,54.691,82.700,0.2379,0.00,0.00,141.8,16.2,0.000,4.291
986,03/03/16 06:45:54 AM,54.082,84.900,0.2379,0.00,0.56,141.8,33.7,0.000,4.291
987,03/03/16 06:55:54 AM,54.169,85.300,0.2379,0.00,1.70,141.8,53.7,0.000,4.291
988,03/03/16 07:05:54 AM,54.820,84.100,0.2379,0.00,1.70,141.8,96.2,0.000,4.303
989,03/03/16 07:15:54 AM,54.820,84.100,0.2379,0.00,1.12,141.8,133.7,0.000,4.333
990,03/03/16 07:25:54 AM,55.647,83.600,0.2379,0.00,1.12,141.8,183.7,0.000,4.369
991,03/03/16 07:35:54 AM,56.599,82.000,0.2379,0.00,1.12,140.4,248.7,0.000,4.400
992,03/03/16 07:45:54 AM,57.506,79.900,0.2379,0.00,0.56,140.4,318.7,0.000,4.381
993,03/03/16 07:55:54 AM,58.582,78.200,0.2374,0.00,0.56,140.4,373.7,0.000,4.369
994,03/03/16 08:05:54 AM,59.572,76.400,0.2374,0.00,1.12,140.4,366.2,0.000,4.363
995,03/03/16 08:15:54 AM,57.850,75.900,0.2374,1.12,4.50,311.7,401.2,0.000,4.357
996,03/03/16 08:25:54 AM,58.971,76.700,0.2374,0.00,1.70,306.1,456.2,0.000,4.369
997,03/03/16 08:35:54 AM,59.229,74.700,0.2374,0.00,2.82,310.3,456.2,0.000,4.363
998,03/03/16 08:45:54 AM,59.702,74.900,0.2374,0.00,2.26,317.3,393.7,0.000,4.351
999,03/03/16 08:55:54 AM,59.529,75.000,0.2374,0.00,1.12,320.1,358.7,0.000,4.363
1000,03/03/16 09:05:54 AM,60.046,74.700,0.2374,0.00,3.94,321.5,486.2,0.000,4.351
1001,03/03/16 09:15:54 AM,61.462,75.000,0.2374,0.00,2.82,15.4,686.2,0.000,4.363
1002,03/03/16 09:25:54 AM,61.590,71.600,0.2374,0.56,3.38,338.3,753.7,0.000,4.357
1003,03/03/16 09:35:54 AM,60.818,72.000,0.2371,0.00,1.70,345.4,531.2,0.000,4.363
1004,03/03/16 09:45:54 AM,61.506,71.900,0.2371,0.00,2.26,1.4,616.2,0.000,4.369
1005,03/03/16 09:55:54 AM,63.561,71.400,0.2374,0.00,1.12,1.4,691.2,0.000,4.363
1006,03/03/16 10:05:54 AM,64.546,67.900,0.2371,0.56,3.38,353.8,931.2,0.000,4.357
1007,03/03/16 10:15:54 AM,65.444,67.100,0.2371,1.12,3.94,329.9,1036.2,0.000,4.375
1008,03/03/16 10:25:54 AM,65.145,65.100,0.2371,1.12,5.08,334.1,1128.7,0.000,4.363
1009,03/03/16 10:35:54 AM,66.258,64.700,0.2371,1.70,6.20,341.2,1178.7,0.000,4.351
1010,03/03/16 10:45:54 AM,66.214,64.000,0.2371,1.70,4.50,322.9,1213.7,0.000,4.369
1011,03/03/16 10:55:54 AM,67.199,61.100,0.2371,2.26,8.46,124.9,1241.2,0.000,4.363
1012,03/03/16 11:05:54 AM,67.329,60.100,0.2371,2.82,7.90,140.4,1256.2,0.000,4.351
1013,03/03/16 11:15:54 AM,68.270,61.500,0.2374,3.38,9.57,106.7,1346.2,0.000,4.375
1014,03/03/16 11:25:54 AM,70.372,60.200,0.2374,1.70,6.20,112.3,1411.2,0.000,4.363
1015,03/03/16 11:35:54 AM,67.199,59.500,0.2374,2.26,9.57,134.8,1018.7,0.000,4.351
1016,03/03/16 11:45:54 AM,63.903,64.200,0.2374,3.94,12.39,124.9,848.7,0.000,4.363
1017,03/03/16 11:55:54 AM,65.017,65.500,0.2374,4.50,12.39,155.8,841.2,0.000,4.351
1018,03/03/16 12:05:54 PM,64.803,65.100,0.2374,3.38,9.01,165.7,591.2,0.000,4.357
1019,03/03/16 12:15:54 PM,65.316,64.000,0.2374,1.12,8.46,238.7,623.7,0.000,4.351
1020,03/03/16 12:25:54 PM,64.503,62.800,0.2374,2.26,7.90,127.8,576.2,0.000,4.363
1021,03/03/16 12:35:54 PM,63.262,63.800,0.2374,3.38,8.46,185.3,433.7,0.000,4.351
1022,03/03/16 12:45:54 PM,63.946,65.600,0.2374,1.70,9.01,165.7,388.7,0.000,4.369
1023,03/03/16 12:55:54 PM,63.475,66.600,0.2374,2.82,11.27,112.3,376.2,0.000,4.363
1024,03/03/16 01:05:54 PM,63.048,67.500,0.2374,2.82,10.13,56.2,338.7,0.000,4.351
1025,03/03/16 01:15:54 PM,62.962,68.500,0.2374,2.26,11.27,146.0,266.2,0.000,4.363
1026,03/03/16 01:25:54 PM,63.090,69.800,0.2374,1.70,6.76,289.2,298.7,0.000,4.351
1027,03/03/16 01:35:54 PM,63.347,69.600,0.2371,1.70,7.90,146.0,426.2,0.000,4.363
1028,03/03/16 01:45:54 PM,63.219,68.900,0.2371,2.82,7.31,216.2,461.2,0.000,4.351
1029,03/03/16 01:55:54 PM,63.862,67.800,0.2371,2.82,7.90,336.9,508.7,0.000,4.363
1030,03/03/16 02:05:54 PM,64.546,67.000,0.2371,2.26,5.64,329.9,418.7,0.000,4.351
1031,03/03/16 02:15:54 PM,64.974,66.400,0.2371,1.70,7.31,306.1,388.7,0.000,4.363
1032,03/03/16 02:25:54 PM,63.689,65.500,0.2367,2.26,9.01,353.8,421.2,0.000,4.363
1033,03/03/16 02:35:54 PM,63.648,66.700,0.2367,2.26,7.90,89.9,378.7,0.000,4.351
1034,03/03/16 02:45:54 PM,64.717,67.200,0.2367,2.82,7.31,140.4,548.7,0.000,4.363
1035,03/03/16 02:55:54 PM,63.903,65.700,0.2367,1.70,6.20,342.6,408.7,0.000,4.357
1036,03/03/16 03:05:54 PM,63.433,67.100,0.2367,0.56,3.94,127.8,208.7,0.000,4.393
1037,03/03/16 03:15:54 PM,63.133,67.700,0.2367,1.12,8.46,310.3,256.2,0.000,4.363
1038,03/03/16 03:25:54 PM,63.475,67.700,0.2363,1.70,7.90,314.5,268.7,0.000,4.351
1039,03/03/16 03:35:54 PM,63.390,67.900,0.2363,1.70,8.46,73.0,273.7,0.000,4.363
1040,03/03/16 03:45:54 PM,63.648,67.200,0.2363,1.12,5.08,315.9,313.7,0.000,4.351
1041,03/03/16 03:55:54 PM,63.775,66.400,0.2363,1.12,5.08,289.2,296.2,0.000,4.363
1042,03/03/16 04:05:54 PM,63.262,66.600,0.2363,2.26,6.76,57.6,306.2,0.000,4.357
1043,03/03/16 04:15:54 PM,63.732,67.200,0.2363,0.00,2.82,67.4,266.2,0.000,4.363
1044,03/03/16 04:25:54 PM,64.074,66.500,0.2363,0.00,4.50,110.9,256.2,0.000,4.363
1045,03/03/16 04:35:54 PM,63.604,66.300,0.2363,0.00,1.70,150.2,201.2,0.000,4.351
1046,03/03/16 04:45:54 PM,63.133,66.300,0.2363,1.70,5.08,144.6,176.2,0.000,4.363
1047,03/03/16 04:55:54 PM,62.748,67.400,0.2363,1.70,5.64,124.9,131.2,0.000,4.357
1048,03/03/16 05:05:54 PM,62.661,67.700,0.2363,2.26,5.08,99.7,101.2,0.000,4.351
1049,03/03/16 05:15:54 PM,62.406,68.300,0.2363,0.00,2.26,355.2,78.7,0.000,4.351
1050,03/03/16 05:25:54 PM,62.276,68.700,0.2363,0.00,2.26,351.0,63.7,0.000,4.345
1051,03/03/16 05:35:54 PM,62.148,68.300,0.2363,0.00,3.38,313.1,38.7,0.000,4.339
1052,03/03/16 05:45:54 PM,61.248,69.200,0.2363,0.56,3.38,314.5,18.7,0.000,4.339
1053,03/03/16 05:55:54 PM,60.690,71.700,0.2363,1.12,3.38,120.7,8.7,0.000,4.339
1054,03/03/16 06:05:54 PM,59.788,74.300,0.2363,0.56,3.38,127.8,1.2,0.000,4.339
1055,03/03/16 06:15:54 PM,60.003,75.100,0.2363,0.56,4.50,127.8,1.2,0.000,4.333
1056,03/03/16 06:25:54 PM,60.818,72.700,0.2363,0.56,3.38,124.9,1.2,0.000,4.333
1057,03/03/16 06:35:54 PM,60.089,72.700,0.2363,0.00,2.26,151.6,1.2,0.000,4.333
1058,03/03/16 06:45:54 PM,60.132,74.400,0.2363,0.00,2.26,151.6,1.2,0.000,4.333
1059,03/03/16 06:55:54 PM,61.119,73.000,0.2363,0.00,3.38,132.0,1.2,0.000,4.327
1060,03/03/16 07:05:54 PM,61.119,70.900,0.2358,0.56,3.94,130.6,1.2,0.000,4.321
1061,03/03/16 07:15:54 PM,60.861,69.900,0.2363,0.00,3.38,112.3,1.2,0.000,4.321
1062,03/03/16 07:25:54 PM,60.474,71.300,0.2358,0.00,1.70,108.1,1.2,0.000,4.321
1063,03/03/16 07:35:54 PM,61.032,69.900,0.2363,0.00,3.38,221.8,1.2,0.000,4.321
1064,03/03/16 07:45:54 PM,60.517,69.900,0.2358,0.56,5.64,189.5,1.2,0.000,4.321
1065,03/03/16 07:55:54 PM,60.346,71.900,0.2358,1.12,3.38,136.2,1.2,0.000,4.321
1066,03/03/16 08:05:54 PM,60.217,72.300,0.2358,0.56,2.82,134.8,1.2,0.000,4.321
1067,03/03/16 08:15:54 PM,60.604,71.300,0.2363,0.00,3.38,134.8,1.2,0.000,4.321
1068,03/03/16 08:25:54 PM,60.046,72.700,0.2358,0.00,1.70,134.8,1.2,0.000,4.321
1069,03/03/16 08:35:54 PM,61.333,71.900,0.2358,1.70,5.08,139.0,1.2,0.000,4.321
1070,03/03/16 08:45:54 PM,60.861,70.200,0.2358,1.12,4.50,134.8,1.2,0.000,4.315
1071,03/03/16 08:55:54 PM,61.032,70.400,0.2358,0.56,3.94,123.5,1.2,0.000,4.315
1072,03/03/16 09:05:54 PM,59.702,72.200,0.2358,0.56,2.82,127.8,1.2,0.000,4.315
1073,03/03/16 09:15:54 PM,59.272,74.300,0.2358,0.56,2.82,140.4,1.2,0.000,4.315
1074,03/03/16 09:25:54 PM,60.818,72.700,0.2358,1.12,4.50,133.4,1.2,0.000,4.315
1075,03/03/16 09:35:54 PM,60.818,71.300,0.2358,0.56,3.38,143.2,1.2,0.000,4.309
1076,03/03/16 09:45:54 PM,59.916,72.300,0.2358,0.56,2.82,146.0,1.2,0.000,4.309
1077,03/03/16 09:55:54 PM,59.616,74.600,0.2358,1.12,2.82,143.2,1.2,0.000,4.309
1078,03/03/16 10:05:54 PM,60.818,74.500,0.2358,0.56,4.50,126.4,1.2,0.000,4.309
1079,03/03/16 10:15:54 PM,60.818,72.800,0.2358,0.00,2.82,57.6,1.2,0.000,4.309
1080,03/03/16 10:25:54 PM,60.647,72.900,0.2363,0.00,2.82,109.5,1.2,0.000,4.309
1081,03/03/16 10:35:54 PM,60.303,73.200,0.2363,0.56,2.82,134.8,1.2,0.000,4.303
1082,03/03/16 10:45:54 PM,60.861,74.000,0.2358,2.26,6.20,127.8,1.2,0.000,4.303
1083,03/03/16 10:55:54 PM,60.690,73.300,0.2358,2.82,6.20,126.4,1.2,0.000,4.303
1084,03/03/16 11:05:54 PM,60.346,73.900,0.2358,1.70,5.64,113.7,1.2,0.000,4.303
1085,03/03/16 11:15:54 PM,60.089,74.400,0.2358,1.12,4.50,123.5,1.2,0.000,4.303
1086,03/03/16 11:25:54 PM,59.229,76.800,0.2358,0.56,2.82,126.4,1.2,0.000,4.303
1087,03/03/16 11:35:54 PM,59.659,76.800,0.2358,2.82,6.20,126.4,1.2,0.000,4.303
1088,03/03/16 11:45:54 PM,59.659,77.000,0.2363,2.82,5.64,126.4,1.2,0.000,4.303
1089,03/03/16 11:55:54 PM,60.003,77.000,0.2363,2.82,5.64,124.9,1.2,0.000,4.303
1090,03/04/16 12:05:54 AM,60.474,76.000,0.2358,3.38,8.46,124.9,1.2,0.000,4.303
1091,03/04/16 12:15:54 AM,60.217,75.000,0.2358,1.70,6.20,127.8,1.2,0.000,4.303
1092,03/04/16 12:25:54 AM,59.959,75.100,0.2358,1.12,6.20,120.7,1.2,0.000,4.303
1093,03/04/16 12:35:54 AM,57.893,79.500,0.2358,0.00,2.26,355.2,1.2,0.000,4.303
1094,03/04/16 12:45:54 AM,57.463,83.800,0.2363,0.00,0.00,331.3,1.2,0.000,4.303
1095,03/04/16 12:55:54 AM,57.376,84.600,0.2358,0.00,2.26,282.2,1.2,0.000,4.303
1096,03/04/16 01:05:54 AM,57.636,83.500,0.2363,0.00,0.56,207.8,1.2,0.000,4.303
1097,03/04/16 01:15:54 AM,57.893,81.900,0.2358,0.00,1.12,207.8,1.2,0.000,4.303
1098,03/04/16 01:25:54 AM,57.204,82.500,0.2363,0.00,1.70,207.8,1.2,0.000,4.297
1099,03/04/16 01:35:54 AM,56.556,82.900,0.2363,0.00,2.26,206.4,1.2,0.000,4.297
1100,03/04/16 01:45:54 AM,56.901,83.600,0.2363,0.00,1.70,200.8,1.2,0.000,4.297
1101,03/04/16 01:55:54 AM,56.901,83.000,0.2363,0.00,1.12,200.8,1.2,0.000,4.297
1102,03/04/16 02:05:54 AM,56.988,83.300,0.2363,0.00,1.12,200.8,1.2,0.000,4.297
1103,03/04/16 02:15:54 AM,57.204,83.600,0.2363,0.00,1.12,200.8,1.2,0.000,4.297
1104,03/04/16 02:25:54 AM,56.815,83.900,0.2363,0.00,1.12,200.8,1.2,0.000,4.297
1105,03/04/16 02:35:54 AM,56.685,86.000,0.2363,0.00,1.70,202.2,1.2,0.000,4.297
1106,03/04/16 02:45:54 AM,56.426,87.700,0.2363,0.00,1.70,207.8,1.2,0.000,4.297
1107,03/04/16 02:55:54 AM,50.400,88.200,0.2653,3.38,13.51,189.5,1.2,0.173,4.297
1108,03/04/16 03:05:54 AM,51.852,95.100,0.2783,5.08,9.01,136.2,1.2,0.157,4.297
1109,03/04/16 03:15:54 AM,51.852,96.600,0.2786,6.20,10.69,133.4,1.2,0.008,4.297
1110,03/04/16 03:25:54 AM,51.940,97.100,0.2780,3.94,7.90,141.8,1.2,0.000,4.297
1111,03/04/16 03:35:54 AM,51.809,97.500,0.2773,1.12,4.50,136.2,1.2,0.008,4.297
1112,03/04/16 03:45:54 AM,52.072,98.000,0.2766,1.12,3.94,198.0,1.2,0.000,4.297
1113,03/04/16 03:55:54 AM,51.984,98.200,0.2759,0.56,3.94,207.8,1.2,0.000,4.297
1114,03/04/16 04:05:54 AM,51.852,98.500,0.2759,0.00,1.12,203.6,1.2,0.000,4.297
1115,03/04/16 04:15:54 AM,51.940,98.600,0.2766,0.00,1.12,203.6,1.2,0.000,4.291
1116,03/04/16 04:25:54 AM,51.895,98.700,0.2773,0.00,1.70,190.9,1.2,0.000,4.291
1117,03/04/16 04:35:54 AM,51.984,98.800,0.2780,0.00,1.70,182.5,1.2,0.000,4.291
1118,03/04/16 04:45:54 AM,51.984,98.800,0.2783,0.00,1.12,182.5,1.2,0.000,4.291
1119,03/04/16 04:55:54 AM,51.940,98.800,0.2786,0.00,0.56,182.5,1.2,0.000,4.291
1120,03/04/16 05:05:54 AM,51.809,98.800,0.2786,0.00,2.26,181.1,1.2,0.000,4.291
1121,03/04/16 05:15:54 AM,51.940,98.400,0.2786,0.00,2.82,153.0,1.2,0.000,4.291
1122,03/04/16 05:25:54 AM,51.809,98.500,0.2783,0.00,1.12,151.6,1.2,0.000,4.291
1123,03/04/16 05:35:54 AM,51.940,98.500,0.2786,0.00,2.82,151.6,1.2,0.000,4.291
1124,03/04/16 05:45:54 AM,51.984,98.400,0.2783,0.00,1.12,151.6,1.2,0.000,4.291
1125,03/04/16 05:55:54 AM,51.809,97.800,0.2766,0.00,1.70,151.6,1.2,0.008,4.291
1126,03/04/16 06:05:54 AM,51.809,97.100,0.2770,1.12,2.82,151.6,1.2,0.000,4.291
1127,03/04/16 06:15:54 AM,52.029,96.300,0.2770,0.56,2.82,151.6,1.2,0.000,4.291
1128,03/04/16 06:25:54 AM,52.072,95.200,0.2756,0.56,3.38,151.6,1.2,0.000,4.291
1129,03/04/16 06:35:54 AM,51.940,95.200,0.2763,0.00,0.00,151.6,3.7,0.000,4.291
1130,03/04/16 06:45:54 AM,52.597,94.300,0.2770,0.56,3.94,150.2,8.7,0.000,4.291
1131,03/04/16 06:55:54 AM,52.903,92.700,0.2780,0.00,1.12,148.8,18.7,0.000,4.291
1132,03/04/16 07:05:54 AM,53.384,92.700,0.2783,0.00,2.26,148.8,31.2,0.000,4.291
1133,03/04/16 07:15:54 AM,53.341,92.400,0.2786,0.00,1.70,148.8,33.7,0.000,4.291
1134,03/04/16 07:25:54 AM,53.994,91.800,0.2790,1.12,3.38,147.4,56.2,0.000,4.291
1135,03/04/16 07:35:54 AM,54.387,91.500,0.2793,1.12,3.38,144.6,88.7,0.000,4.297
1136,03/04/16 07:45:54 AM,54.777,91.600,0.2793,0.00,1.70,144.6,111.2,0.000,4.303
1137,03/04/16 07:55:54 AM,55.299,91.700,0.2793,0.00,1.12,144.6,111.2,0.000,4.309
1138,03/04/16 08:05:54 AM,55.906,89.600,0.2793,0.00,0.56,144.6,133.7,0.000,4.321
1139,03/04/16 08:15:54 AM,56.208,89.000,0.2793,0.00,1.70,144.6,163.7,0.000,4.339
1140,03/04/16 08:25:54 AM,56.512,90.200,0.2793,0.00,1.12,144.6,141.2,0.000,4.339
1141,03/04/16 08:35:54 AM,55.515,89.700,0.2793,0.00,0.56,144.6,113.7,0.000,4.339
1142,03/04/16 08:45:54 AM,54.995,90.400,0.2790,0.00,0.00,144.6,81.2,0.000,4.339
1143,03/04/16 08:55:54 AM,55.429,90.300,0.2793,0.00,0.00,144.6,91.2,0.000,4.339
1144,03/04/16 09:05:54 AM,55.776,90.500,0.2793,0.00,0.00,144.6,108.7,0.000,4.339
1145,03/04/16 09:15:54 AM,55.949,89.800,0.2793,0.00,0.00,144.6,136.2,0.000,4.345
1146,03/04/16 09:25:54 AM,56.469,89.700,0.2793,0.00,0.00,144.6,196.2,0.000,4.363
1147,03/04/16 09:35:54 AM,57.463,88.400,0.2790,0.00,0.00,144.6,271.2,0.000,4.381
1148,03/04/16 09:45:54 AM,57.420,87.000,0.2790,0.00,1.12,144.6,306.2,0.000,4.363
1149,03/04/16 09:55:54 AM,58.325,85.800,0.2790,0.00,0.00,144.6,328.7,0.000,4.357
1150,03/04/16 10:05:54 AM,58.109,84.600,0.2786,0.00,1.12,144.6,318.7,0.000,4.363
1151,03/04/16 10:15:54 AM,59.185,86.300,0.2786,0.00,1.12,144.6,341.2,0.000,4.357
1152,03/04/16 10:25:54 AM,58.239,85.800,0.2786,0.00,2.82,242.9,266.2,0.000,4.381
1153,03/04/16 10:35:54 AM,58.885,87.100,0.2790,0.00,1.12,231.6,343.7,0.000,4.363
1154,03/04/16 10:45:54 AM,60.904,86.300,0.2786,0.00,1.12,193.7,511.2,0.000,4.351
1155,03/04/16 10:55:54 AM,61.290,83.800,0.2786,0.00,1.12,205.0,636.2,0.000,4.363
1156,03/04/16 11:05:54 AM,62.490,85.400,0.2786,0.00,2.26,221.8,553.7,0.000,4.357
1157,03/04/16 11:15:54 AM,61.891,80.800,0.2786,0.00,2.26,195.1,448.7,0.000,4.363
1158,03/04/16 11:25:54 AM,60.690,83.800,0.2786,0.00,3.94,303.2,436.2,0.000,4.363
1159,03/04/16 11:35:54 AM,60.346,79.500,0.2786,2.82,7.31,113.7,386.2,0.000,4.357
1160,03/04/16 11:45:54 AM,60.474,78.000,0.2786,2.26,7.90,133.4,333.7,0.000,4.393
1161,03/04/16 11:55:54 AM,60.647,78.200,0.2786,3.38,9.57,116.5,473.7,0.000,4.363
1162,03/04/16 12:05:54 PM,64.247,75.100,0.2786,3.38,9.01,124.9,1161.2,0.000,4.400
1163,03/04/16 12:15:54 PM,66.130,72.200,0.2786,1.70,7.31,115.1,1258.7,0.000,4.363
1164,03/04/16 12:25:54 PM,62.319,70.200,0.2783,2.82,10.13,136.2,838.7,0.000,4.351
1165,03/04/16 12:35:54 PM,61.720,73.100,0.2783,2.26,10.69,122.1,516.2,0.000,4.363
1166,03/04/16 12:45:54 PM,63.475,73.600,0.2786,1.12,5.08,126.4,721.2,0.000,4.357
1167,03/04/16 12:55:54 PM,66.344,70.300,0.2786,0.00,2.82,195.1,1001.2,0.000,4.363
1168,03/04/16 01:05:54 PM,64.632,67.900,0.2786,0.56,5.64,182.5,778.7,0.000,4.351
1169,03/04/16 01:15:54 PM,65.059,68.200,0.2786,0.00,5.08,106.7,621.2,0.000,4.363
1170,03/04/16 01:25:54 PM,62.019,69.000,0.2786,3.94,9.57,139.0,493.7,0.000,4.363
1171,03/04/16 01:35:54 PM,62.191,71.000,0.2786,1.70,9.01,119.3,451.2,0.000,4.351
1172,03/04/16 01:45:54 PM,62.919,70.400,0.2786,1.70,7.90,84.2,616.2,0.000,4.363
1173,03/04/16 01:55:54 PM,66.643,67.300,0.2786,0.56,3.94,303.2,1036.2,0.000,4.357
1174,03/04/16 02:05:54 PM,65.230,66.000,0.2786,2.26,6.76,315.9,878.7,0.000,4.363
1175,03/04/16 02:15:54 PM,64.546,62.900,0.2786,1.70,9.01,308.9,758.7,0.000,4.363
1176,03/04/16 02:25:54 PM,63.561,62.900,0.2786,2.82,10.69,216.2,708.7,0.000,4.351
1177,03/04/16 02:35:54 PM,63.775,62.400,0.2786,2.82,10.69,193.7,583.7,0.000,4.363
1178,03/04/16 02:45:54 PM,64.503,61.300,0.2786,1.12,9.57,240.1,611.2,0.000,4.351
1179,03/04/16 02:55:54 PM,64.974,61.000,0.2786,1.12,7.31,348.2,591.2,0.000,4.363
1180,03/04/16 03:05:54 PM,63.946,61.000,0.2786,5.08,15.21,103.9,598.7,0.000,4.351
1181,03/04/16 03:15:54 PM,63.048,62.000,0.2786,5.08,14.09,120.7,508.7,0.000,4.369
1182,03/04/16 03:25:54 PM,63.304,63.000,0.2786,2.82,10.69,60.4,453.7,0.000,4.357
1183,03/04/16 03:35:54 PM,63.819,64.000,0.2786,2.82,12.39,123.5,481.2,0.000,4.351
1184,03/04/16 03:45:54 PM,64.589,62.400,0.2786,1.12,7.31,75.8,458.7,0.000,4.363
1185,03/04/16 03:55:54 PM,63.561,61.000,0.2786,4.50,12.39,132.0,436.2,0.000,4.351
1186,03/04/16 04:05:54 PM,63.518,62.000,0.2783,5.08,11.27,116.5,406.2,0.000,4.363
1187,03/04/16 04:15:54 PM,63.390,63.200,0.2783,3.38,10.13,109.5,343.7,0.000,4.357
1188,03/04/16 04:25:54 PM,63.304,64.000,0.2783,0.56,3.38,345.4,286.2,0.000,4.357
1189,03/04/16 04:35:54 PM,62.834,63.200,0.2780,1.12,5.64,296.2,221.2,0.000,4.363
1190,03/04/16 04:45:54 PM,62.834,65.400,0.2780,1.70,6.76,255.5,201.2,0.000,4.357
1191,03/04/16 04:55:54 PM,62.062,65.700,0.2780,0.00,5.08,233.1,168.7,0.000,4.351
1192,03/04/16 05:05:54 PM,61.977,67.900,0.2780,0.56,5.08,265.3,136.2,0.000,4.351
1193,03/04/16 05:15:54 PM,61.590,67.000,0.2780,0.56,3.94,115.1,108.7,0.000,4.345
1194,03/04/16 05:25:54 PM,60.003,70.900,0.2780,1.12,6.20,127.8,73.7,0.000,4.345
1195,03/04/16 05:35:54 PM,59.959,71.700,0.2776,2.26,5.64,134.8,48.7,0.000,4.339
1196,03/04/16 05:45:54 PM,60.517,70.900,0.2776,2.26,6.20,147.4,33.7,0.000,4.339
1197,03/04/16 05:55:54 PM,60.517,71.000,0.2776,2.82,6.76,132.0,11.2,0.000,4.339
1198,03/04/16 06:05:54 PM,60.433,70.400,0.2776,1.70,6.76,132.0,3.7,0.000,4.339
1199,03/04/16 06:15:54 PM,60.346,71.500,0.2776,0.56,3.38,130.6,1.2,0.000,4.333
1200,03/04/16 06:25:54 PM,58.755,74.600,0.2776,0.00,2.26,127.8,1.2,0.000,4.333
1201,03/04/16 06:35:54 PM,58.411,77.200,0.2776,0.00,0.00,127.8,1.2,0.000,4.333
1202,03/04/16 06:45:54 PM,58.498,78.200,0.2776,0.00,2.26,127.8,1.2,0.000,4.327
1203,03/04/16 06:55:54 PM,58.755,78.500,0.2776,0.56,2.26,127.8,1.2,0.000,4.321
1204,03/04/16 07:05:54 PM,58.626,77.100,0.2776,0.00,2.26,127.8,1.2,0.000,4.321
1205,03/04/16 07:15:54 PM,58.541,78.400,0.2776,1.12,3.94,129.2,1.2,0.000,4.321
1206,03/04/16 07:25:54 PM,58.582,77.500,0.2776,1.12,3.38,136.2,1.2,0.000,4.321
1207,03/04/16 07:35:54 PM,58.798,76.700,0.2776,1.12,4.50,139.0,1.2,0.000,4.321
1208,03/04/16 07:45:54 PM,58.195,75.600,0.2776,0.56,4.50,143.2,1.2,0.000,4.321
1209,03/04/16 07:55:54 PM,57.850,77.200,0.2776,0.00,4.50,134.8,1.2,0.000,4.321
1210,03/04/16 08:05:54 PM,57.979,74.300,0.2776,0.00,5.64,98.3,1.2,0.000,4.321
1211,03/04/16 08:15:54 PM,57.463,77.200,0.2776,0.56,4.50,136.2,1.2,0.000,4.321
1212,03/04/16 08:25:54 PM,57.031,79.200,0.2776,2.26,5.08,136.2,1.2,0.000,4.315
1213,03/04/16 08:35:54 PM,56.122,80.500,0.2776,2.26,5.08,127.8,1.2,0.000,4.315
1214,03/04/16 08:45:54 PM,56.599,80.800,0.2776,3.94,8.46,124.9,1.2,0.000,4.315
1215,03/04/16 08:55:54 PM,55.863,81.100,0.2776,0.00,3.94,143.2,1.2,0.000,4.315
1216,03/04/16 09:05:54 PM,55.733,79.700,0.2776,0.00,1.12,147.4,1.2,0.000,4.315
1217,03/04/16 09:15:54 PM,56.079,81.300,0.2776,0.00,1.12,147.4,1.2,0.000,4.315
1218,03/04/16 09:25:54 PM,55.733,81.500,0.2776,0.00,2.26,147.4,1.2,0.000,4.309
1219,03/04/16 09:35:54 PM,56.988,83.000,0.2776,1.12,2.82,147.4,1.2,0.000,4.309
1220,03/04/16 09:45:54 PM,57.376,81.700,0.2776,1.12,3.38,124.9,1.2,0.000,4.303
1221,03/04/16 09:55:54 PM,57.333,81.600,0.2776,0.56,3.38,133.4,1.2,0.000,4.303
1222,03/04/16 10:05:54 PM,56.901,81.300,0.2776,0.00,1.12,133.4,1.2,0.000,4.303
1223,03/04/16 10:15:54 PM,55.429,83.500,0.2776,0.00,0.00,133.4,1.2,0.000,4.303
1224,03/04/16 10:25:54 PM,54.734,85.700,0.2776,1.12,2.82,133.4,1.2,0.000,4.303
1225,03/04/16 10:35:54 PM,53.865,87.600,0.2780,0.56,2.26,133.4,1.2,0.000,4.303
1226,03/04/16 10:45:54 PM,54.995,87.600,0.2780,1.12,3.38,134.8,1.2,0.000,4.303
1227,03/04/16 10:55:54 PM,56.295,84.400,0.2780,0.56,4.50,130.6,1.2,0.000,4.303
1228,03/04/16 11:05:54 PM,55.949,83.000,0.2780,0.56,3.38,127.8,1.2,0.000,4.303
1229,03/04/16 11:15:54 PM,54.169,83.800,0.2780,0.00,0.00,127.8,1.2,0.000,4.303
1230,03/04/16 11:25:54 PM,54.169,86.300,0.2780,0.00,1.70,127.8,1.2,0.000,4.303
1231,03/04/16 11:35:54 PM,54.169,85.900,0.2780,0.00,2.26,127.8,1.2,0.000,4.303
1232,03/04/16 11:45:54 PM,54.865,86.100,0.2780,0.00,1.12,127.8,1.2,0.000,4.297
1233,03/04/16 11:55:54 PM,54.777,85.800,0.2780,0.00,0.56,127.8,1.2,0.000,4.297
1234,03/05/16 12:05:54 AM,54.648,86.600,0.2780,0.00,0.56,127.8,1.2,0.000,4.297
1235,03/05/16 12:15:54 AM,55.038,86.600,0.2780,0.00,0.00,127.8,1.2,0.000,4.297
1236,03/05/16 12:25:54 AM,55.125,86.300,0.2780,0.00,0.00,127.8,1.2,0.000,4.297
1237,03/05/16 12:35:54 AM,55.342,85.900,0.2780,0.00,0.00,127.8,1.2,0.000,4.297
1238,03/05/16 12:45:54 AM,54.734,86.700,0.2780,0.00,1.12,127.8,1.2,0.000,4.297
1239,03/05/16 12:55:54 AM,54.169,87.800,0.2780,0.00,0.00,127.8,1.2,0.000,4.297
1240,03/05/16 01:05:54 AM,53.645,88.400,0.2780,0.00,1.70,127.8,1.2,0.000,4.297
1241,03/05/16 01:15:54 AM,53.951,89.100,0.2780,0.00,2.26,127.8,1.2,0.000,4.297
1242,03/05/16 01:25:54 AM,53.602,88.800,0.2780,0.00,1.70,127.8,1.2,0.000,4.297
1243,03/05/16 01:35:54 AM,53.515,88.300,0.2780,0.00,1.70,127.8,1.2,0.000,4.297
1244,03/05/16 01:45:54 AM,53.427,88.300,0.2780,0.56,2.26,127.8,1.2,0.000,4.297
1245,03/05/16 01:55:54 AM,52.817,88.200,0.2780,0.00,2.26,127.8,1.2,0.000,4.297
1246,03/05/16 02:05:54 AM,52.597,88.400,0.2780,0.00,1.12,127.8,1.2,0.000,4.297
1247,03/05/16 02:15:54 AM,52.378,88.300,0.2780,0.00,2.26,127.8,1.2,0.000,4.297
1248,03/05/16 02:25:54 AM,52.729,88.500,0.2780,1.12,2.82,134.8,1.2,0.000,4.291
1249,03/05/16 02:35:54 AM,52.378,88.500,0.2780,0.00,2.26,134.8,1.2,0.000,4.291
1250,03/05/16 02:45:54 AM,52.378,88.500,0.2780,0.56,3.38,134.8,1.2,0.000,4.291
1251,03/05/16 02:55:54 AM,52.947,87.800,0.2780,1.12,3.38,134.8,1.2,0.000,4.291
1252,03/05/16 03:05:54 AM,51.852,87.800,0.2780,0.00,1.70,134.8,1.2,0.000,4.291
1253,03/05/16 03:15:54 AM,52.686,89.200,0.2776,0.56,2.82,143.2,1.2,0.000,4.291
1254,03/05/16 03:25:54 AM,51.984,87.900,0.2780,0.00,1.70,161.5,1.2,0.000,4.291
1255,03/05/16 03:35:54 AM,52.160,88.300,0.2776,0.00,1.70,161.5,1.2,0.000,4.291
1256,03/05/16 03:45:54 AM,53.341,85.400,0.2780,0.00,2.82,158.6,1.2,0.000,4.291
1257,03/05/16 03:55:54 AM,52.423,86.000,0.2776,0.00,1.70,158.6,1.2,0.000,4.291
1258,03/05/16 04:05:54 AM,52.335,85.400,0.2776,0.00,1.12,160.0,1.2,0.000,4.291
1259,03/05/16 04:15:54 AM,52.947,84.200,0.2776,0.56,3.94,154.4,1.2,0.000,4.291
1260,03/05/16 04:25:54 AM,52.291,84.600,0.2776,0.00,1.12,122.1,1.2,0.000,4.291
1261,03/05/16 04:35:54 AM,52.597,85.200,0.2780,0.00,2.82,123.5,1.2,0.000,4.291
1262,03/05/16 04:45:54 AM,52.686,84.500,0.2776,1.70,4.50,136.2,1.2,0.000,4.291
1263,03/05/16 04:55:54 AM,52.335,84.000,0.2780,0.56,3.38,134.8,1.2,0.000,4.291
1264,03/05/16 05:05:54 AM,51.148,85.400,0.2780,0.56,2.26,133.4,1.2,0.000,4.291
1265,03/05/16 05:15:54 AM,51.017,87.200,0.2780,0.56,1.70,134.8,1.2,0.000,4.291
1266,03/05/16 05:25:54 AM,50.797,87.000,0.2780,0.00,2.26,134.8,1.2,0.000,4.291
1267,03/05/16 05:35:54 AM,51.852,88.200,0.2776,0.56,3.94,127.8,1.2,0.000,4.291
1268,03/05/16 05:45:54 AM,50.311,87.500,0.2780,0.00,2.26,116.5,1.2,0.000,4.291
1269,03/05/16 05:55:54 AM,50.400,89.100,0.2780,0.00,1.12,116.5,1.2,0.000,4.291
1270,03/05/16 06:05:54 AM,49.737,89.700,0.2776,0.00,1.70,117.9,1.2,0.000,4.291
1271,03/05/16 06:15:54 AM,50.223,90.400,0.2780,0.56,2.26,129.2,3.7,0.000,4.291
1272,03/05/16 06:25:54 AM,49.825,89.800,0.2780,0.00,1.70,129.2,13.7,0.000,4.291
1273,03/05/16 06:35:54 AM,49.825,90.300,0.2776,0.00,1.70,130.6,33.7,0.000,4.291
1274,03/05/16 06:45:54 AM,52.246,89.400,0.2776,0.00,2.26,137.6,58.7,0.000,4.291
1275,03/05/16 06:55:54 AM,52.246,86.600,0.2776,0.00,0.56,168.5,91.2,0.000,4.315
1276,03/05/16 07:05:54 AM,52.291,86.000,0.2776,0.00,1.70,168.5,123.7,0.000,4.339
1277,03/05/16 07:15:54 AM,52.641,85.600,0.2776,0.00,0.00,168.5,158.7,0.000,4.363
1278,03/05/16 07:25:54 AM,53.690,86.000,0.2776,0.00,0.00,168.5,208.7,0.000,4.393
1279,03/05/16 07:35:54 AM,55.863,84.600,0.2773,0.00,0.00,168.5,291.2,0.000,4.381
1280,03/05/16 07:45:54 AM,57.376,81.600,0.2773,0.00,0.00,168.5,353.7,0.000,4.369
1281,03/05/16 07:55:54 AM,57.893,78.600,0.2773,0.00,0.56,168.5,411.2,0.000,4.363
1282,03/05/16 08:05:54 AM,58.798,77.900,0.2773,0.00,0.56,167.1,478.7,0.000,4.381
1283,03/05/16 08:15:54 AM,58.885,80.000,0.2773,0.00,1.12,161.5,546.2,0.000,4.363
1284,03/05/16 08:25:54 AM,60.303,78.200,0.2770,0.00,2.26,147.4,613.7,0.000,4.357
1285,03/05/16 08:35:54 AM,60.089,74.100,0.2770,0.00,2.82,59.0,688.7,0.000,4.381
1286,03/05/16 08:45:54 AM,59.959,75.900,0.2766,0.56,3.38,338.3,761.2,0.000,4.369
1287,03/05/16 08:55:54 AM,60.132,77.600,0.2766,0.56,3.38,342.6,823.7,0.000,4.363
1288,03/05/16 09:05:54 AM,61.934,77.000,0.2766,0.56,3.94,345.4,886.2,0.000,4.351
1289,03/05/16 09:15:54 AM,62.919,74.500,0.2763,0.56,2.82,304.7,951.2,0.000,4.369
1290,03/05/16 09:25:54 AM,61.804,71.400,0.2763,0.56,3.38,325.7,1003.7,0.000,4.363
1291,03/05/16 09:35:54 AM,61.506,73.300,0.2763,1.70,3.94,314.5,1053.7,0.000,4.351
1292,03/05/16 09:45:54 AM,62.791,73.000,0.2759,1.12,3.94,335.5,1103.7,0.000,4.381
1293,03/05/16 09:55:54 AM,64.161,70.500,0.2759,1.12,3.94,334.1,1163.7,0.000,4.363
1294,03/05/16 10:05:54 AM,63.005,70.800,0.2759,1.70,5.08,324.3,1221.2,0.000,4.357
1295,03/05/16 10:15:54 AM,64.632,70.600,0.2759,1.12,5.08,348.2,1266.2,0.000,4.351
1296,03/05/16 10:25:54 AM,65.701,69.200,0.2759,1.12,4.50,331.3,1311.2,0.000,4.369
1297,03/05/16 10:35:54 AM,65.316,68.300,0.2759,2.26,6.20,324.3,1351.2,0.000,4.357
1298,03/05/16 10:45:54 AM,66.600,66.900,0.2759,1.70,4.50,328.5,1383.7,0.000,4.351
1299,03/05/16 10:55:54 AM,68.698,65.000,0.2759,1.70,4.50,346.8,1401.2,0.000,4.369
1300,03/05/16 11:05:54 AM,67.456,62.200,0.2763,1.70,7.90,155.8,1366.2,0.000,4.357
1301,03/05/16 11:15:54 AM,69.728,63.300,0.2763,1.70,5.64,160.0,1398.7,0.000,4.351
1302,03/05/16 11:25:54 AM,69.213,61.900,0.2763,3.38,8.46,150.2,1471.2,0.000,4.369
1303,03/05/16 11:35:54 AM,69.685,61.500,0.2763,2.26,6.76,162.9,1548.7,0.000,4.478
1304,03/05/16 11:45:54 AM,67.671,61.400,0.2763,4.50,11.83,151.6,1606.2,0.000,4.381
1305,03/05/16 11:55:54 AM,69.256,62.500,0.2763,4.50,10.69,143.2,1596.2,0.000,4.369
1306,03/05/16 12:05:54 PM,69.213,61.800,0.2763,3.94,10.13,157.2,1571.2,0.000,4.363
1307,03/05/16 12:15:54 PM,70.930,61.800,0.2763,2.26,6.76,193.7,1578.7,0.000,4.351
1308,03/05/16 12:25:54 PM,69.814,60.900,0.2763,3.38,11.27,165.7,1541.2,0.000,4.363
1309,03/05/16 12:35:54 PM,69.343,61.300,0.2763,3.94,11.27,169.9,1538.7,0.000,4.351
1310,03/05/16 12:45:54 PM,69.942,61.500,0.2763,5.08,11.83,161.5,1471.2,0.000,4.363
1311,03/05/16 12:55:54 PM,68.698,61.000,0.2759,5.08,11.83,172.7,1493.7,0.000,4.351
1312,03/05/16 01:05:54 PM,70.158,61.200,0.2759,3.94,13.51,154.4,1393.7,0.000,4.363
1313,03/05/16 01:15:54 PM,69.170,59.600,0.2763,3.94,12.39,183.9,1423.7,0.000,4.357
1314,03/05/16 01:25:54 PM,71.361,58.700,0.2759,2.26,9.57,193.7,1358.7,0.000,4.345
1315,03/05/16 01:35:54 PM,71.834,58.300,0.2759,3.38,9.01,189.5,1336.2,0.000,4.357
1316,03/05/16 01:45:54 PM,70.201,56.900,0.2759,3.38,9.01,161.5,1321.2,0.000,4.345
1317,03/05/16 01:55:54 PM,69.343,59.000,0.2756,4.50,10.69,174.1,1288.7,0.000,4.363
1318,03/05/16 02:05:54 PM,70.502,60.900,0.2759,3.94,9.01,183.9,1206.2,0.000,4.351
1319,03/05/16 02:15:54 PM,69.343,59.700,0.2756,4.50,9.57,160.0,1168.7,0.000,4.363
1320,03/05/16 02:25:54 PM,69.858,60.300,0.2756,4.50,9.57,181.1,1096.2,0.000,4.351
1321,03/05/16 02:35:54 PM,69.170,59.800,0.2756,4.50,10.69,168.5,1046.2,0.000,4.363
1322,03/05/16 02:45:54 PM,69.814,60.100,0.2756,4.50,11.27,150.2,998.7,0.000,4.357
1323,03/05/16 02:55:54 PM,70.329,59.100,0.2756,3.94,9.01,151.6,946.2,0.000,4.345
1324,03/05/16 03:05:54 PM,70.115,59.100,0.2756,3.94,8.46,171.3,906.2,0.000,4.363
1325,03/05/16 03:15:54 PM,70.372,59.600,0.2753,3.38,9.57,183.9,826.2,0.000,4.351
1326,03/05/16 03:25:54 PM,69.557,59.500,0.2756,2.82,7.31,171.3,701.2,0.000,4.363
1327,03/05/16 03:35:54 PM,68.913,61.300,0.2753,4.50,9.57,185.3,653.7,0.000,4.357
1328,03/05/16 03:45:54 PM,68.698,63.300,0.2753,3.94,10.69,181.1,596.2,0.000,4.351
1329,03/05/16 03:55:54 PM,67.928,63.800,0.2753,3.94,8.46,176.9,533.7,0.000,4.363
1330,03/05/16 04:05:54 PM,67.114,64.500,0.2749,2.82,8.46,175.5,413.7,0.000,4.357
1331,03/05/16 04:15:54 PM,67.285,66.100,0.2749,2.82,8.46,188.1,356.2,0.000,4.351
1332,03/05/16 04:25:54 PM,67.372,65.800,0.2749,2.26,6.76,174.1,356.2,0.000,4.363
1333,03/05/16 04:35:54 PM,66.558,66.400,0.2746,2.82,7.31,158.6,316.2,0.000,4.357
1334,03/05/16 04:45:54 PM,65.745,68.100,0.2746,3.94,10.69,148.8,248.7,0.000,4.351
1335,03/05/16 04:55:54 PM,64.888,69.800,0.2746,4.50,9.57,140.4,186.2,0.000,4.351
1336,03/05/16 05:05:54 PM,64.459,70.400,0.2743,5.64,9.01,130.6,151.2,0.000,4.369
1337,03/05/16 05:15:54 PM,63.990,72.000,0.2743,5.64,10.69,126.4,116.2,0.000,4.345
1338,03/05/16 05:25:54 PM,63.433,73.100,0.2743,5.64,10.69,124.9,88.7,0.000,4.339
1339,03/05/16 05:35:54 PM,63.005,74.700,0.2743,4.50,8.46,115.1,61.2,0.000,4.339
1340,03/05/16 05:45:54 PM,62.490,75.600,0.2743,3.38,9.01,116.5,36.2,0.000,4.339
1341,03/05/16 05:55:54 PM,62.019,76.200,0.2739,2.82,6.20,136.2,16.2,0.000,4.339
1342,03/05/16 06:05:54 PM,61.848,76.700,0.2739,1.12,3.94,157.2,3.7,0.000,4.333
1343,03/05/16 06:15:54 PM,59.529,78.200,0.2739,1.12,3.38,160.0,1.2,0.000,4.333
1344,03/05/16 06:25:54 PM,59.702,78.600,0.2739,1.70,3.38,160.0,1.2,0.000,4.333
1345,03/05/16 06:35:54 PM,60.948,73.400,0.2739,3.38,6.76,136.2,1.2,0.000,4.333
1346,03/05/16 06:45:54 PM,59.616,72.200,0.2739,3.38,6.76,134.8,1.2,0.000,4.327
1347,03/05/16 06:55:54 PM,58.842,75.100,0.2739,2.26,3.94,143.2,1.2,0.000,4.327
1348,03/05/16 07:05:54 PM,60.260,75.400,0.2739,3.38,6.20,129.2,1.2,0.000,4.321
1349,03/05/16 07:15:54 PM,60.132,72.900,0.2736,2.82,6.20,124.9,1.2,0.000,4.321
1350,03/05/16 07:25:54 PM,58.885,73.400,0.2736,1.12,5.08,102.5,1.2,0.000,4.321
1351,03/05/16 07:35:54 PM,59.616,75.200,0.2736,1.70,5.08,136.2,1.2,0.000,4.321
1352,03/05/16 07:45:54 PM,59.272,73.700,0.2736,1.70,3.94,140.4,1.2,0.000,4.321
1353,03/05/16 07:55:54 PM,59.056,72.600,0.2736,1.12,2.82,141.8,1.2,0.000,4.321
1354,03/05/16 08:05:54 PM,58.411,74.000,0.2736,2.26,3.94,147.4,1.2,0.000,4.321
1355,03/05/16 08:15:54 PM,58.411,73.600,0.2736,1.12,3.38,150.2,1.2,0.000,4.321
1356,03/05/16 08:25:54 PM,58.582,73.500,0.2736,1.70,3.38,153.0,1.2,0.000,4.321
1357,03/05/16 08:35:54 PM,58.195,74.200,0.2736,1.12,2.82,158.6,1.2,0.000,4.321
1358,03/05/16 08:45:54 PM,58.325,74.500,0.2736,1.12,2.26,157.2,1.2,0.000,4.315
1359,03/05/16 08:55:54 PM,57.506,75.100,0.2736,1.70,2.82,157.2,1.2,0.000,4.315
1360,03/05/16 09:05:54 PM,58.582,76.400,0.2736,1.12,3.38,155.8,1.2,0.000,4.315
1361,03/05/16 09:15:54 PM,57.031,77.300,0.2736,1.12,2.26,150.2,1.2,0.000,4.315
1362,03/05/16 09:25:54 PM,57.679,79.000,0.2736,0.56,2.26,150.2,1.2,0.000,4.315
1363,03/05/16 09:35:54 PM,57.333,78.300,0.2736,1.12,2.82,150.2,1.2,0.000,4.309
1364,03/05/16 09:45:54 PM,57.893,79.500,0.2736,1.70,3.38,151.6,1.2,0.000,4.309
1365,03/05/16 09:55:54 PM,58.368,79.300,0.2736,1.12,5.64,147.4,1.2,0.000,4.309
1366,03/05/16 10:05:54 PM,58.498,77.900,0.2736,2.26,5.08,134.8,1.2,0.000,4.309
1367,03/05/16 10:15:54 PM,58.712,78.500,0.2736,2.26,3.38,140.4,1.2,0.000,4.303
1368,03/05/16 10:25:54 PM,59.014,79.600,0.2736,1.70,3.94,141.8,1.2,0.000,4.303
1369,03/05/16 10:35:54 PM,59.616,77.800,0.2732,0.56,3.38,126.4,1.2,0.000,4.303
1370,03/05/16 10:45:54 PM,59.142,77.200,0.2732,1.12,2.82,126.4,1.2,0.000,4.303
1371,03/05/16 10:55:54 PM,58.582,79.200,0.2732,1.12,3.38,133.4,1.2,0.000,4.303
1372,03/05/16 11:05:54 PM,58.282,80.200,0.2732,0.56,2.82,133.4,1.2,0.000,4.303
1373,03/05/16 11:15:54 PM,57.722,80.800,0.2732,1.12,2.82,136.2,1.2,0.000,4.303
1374,03/05/16 11:25:54 PM,56.599,83.500,0.2732,0.56,2.26,139.0,1.2,0.000,4.303
1375,03/05/16 11:35:54 PM,57.506,84.600,0.2732,1.70,2.82,139.0,1.2,0.000,4.303
1376,03/05/16 11:45:54 PM,57.031,83.500,0.2732,1.12,2.82,139.0,1.2,0.000,4.303
1377,03/05/16 11:55:54 PM,56.642,84.800,0.2732,1.12,2.82,139.0,1.2,0.000,4.303
1378,03/06/16 12:05:54 AM,57.893,83.300,0.2732,2.26,5.08,140.4,1.2,0.000,4.303
1379,03/06/16 12:15:54 AM,58.498,78.000,0.2732,1.12,5.08,130.6,1.2,0.000,4.303
1380,03/06/16 12:25:54 AM,58.368,77.200,0.2732,2.26,5.64,144.6,1.2,0.000,4.297
1381,03/06/16 12:35:54 AM,56.383,78.900,0.2732,1.70,3.38,143.2,1.2,0.000,4.297
1382,03/06/16 12:45:54 AM,57.722,78.100,0.2732,0.56,2.82,147.4,1.2,0.000,4.303
1383,03/06/16 12:55:54 AM,56.685,75.400,0.2732,1.12,3.38,193.7,1.2,0.000,4.297
1384,03/06/16 01:05:54 AM,57.850,75.900,0.2732,2.82,5.08,147.4,1.2,0.000,4.297
1385,03/06/16 01:15:54 AM,58.712,71.500,0.2732,2.82,6.20,126.4,1.2,0.000,4.297
1386,03/06/16 01:25:54 AM,58.195,71.200,0.2732,0.56,3.38,105.3,1.2,0.000,4.297
1387,03/06/16 01:35:54 AM,57.204,73.100,0.2732,0.00,2.82,123.5,1.2,0.000,4.297
1388,03/06/16 01:45:54 AM,57.376,73.000,0.2732,0.00,1.70,126.4,1.2,0.000,4.297
1389,03/06/16 01:55:54 AM,57.117,72.800,0.2732,0.56,2.26,126.4,1.2,0.000,4.297
1390,03/06/16 02:05:54 AM,56.685,73.300,0.2729,0.56,3.38,137.6,1.2,0.000,4.297
1391,03/06/16 02:15:54 AM,57.290,72.900,0.2732,0.00,3.38,162.9,1.2,0.000,4.297
1392,03/06/16 02:25:54 AM,56.728,73.300,0.2729,0.56,2.26,171.3,1.2,0.000,4.297
1393,03/06/16 02:35:54 AM,56.383,75.200,0.2729,0.56,2.82,171.3,1.2,0.000,4.297
1394,03/06/16 02:45:54 AM,56.165,75.700,0.2729,1.70,3.38,154.4,1.2,0.000,4.297
1395,03/06/16 02:55:54 AM,57.463,74.400,0.2729,0.56,3.38,147.4,1.2,0.000,4.297
1396,03/06/16 03:05:54 AM,57.117,73.500,0.2729,1.70,6.20,129.2,1.2,0.000,4.291
1397,03/06/16 03:15:54 AM,57.160,73.400,0.2729,2.26,4.50,136.2,1.2,0.000,4.291
1398,03/06/16 03:25:54 AM,57.290,72.600,0.2729,1.70,4.50,136.2,1.2,0.000,4.291
1399,03/06/16 03:35:54 AM,55.342,74.700,0.2729,1.70,3.38,143.2,1.2,0.000,4.291
1400,03/06/16 03:45:54 AM,56.815,74.000,0.2729,1.70,3.38,198.0,1.2,0.000,4.291
1401,03/06/16 03:55:54 AM,55.299,73.300,0.2729,1.12,3.94,189.5,1.2,0.000,4.291
1402,03/06/16 04:05:54 AM,55.168,75.000,0.2729,0.56,3.38,188.1,1.2,0.000,4.291
1403,03/06/16 04:15:54 AM,55.558,76.100,0.2729,0.56,2.26,188.1,1.2,0.000,4.291
1404,03/06/16 04:25:54 AM,54.952,76.800,0.2729,0.56,2.26,176.9,1.2,0.000,4.291
1405,03/06/16 04:35:54 AM,56.122,75.500,0.2729,1.12,2.82,176.9,1.2,0.000,4.291
1406,03/06/16 04:45:54 AM,55.038,75.200,0.2729,0.56,3.38,182.5,1.2,0.000,4.291
1407,03/06/16 04:55:54 AM,54.820,77.400,0.2729,0.56,1.70,178.3,1.2,0.000,4.291
1408,03/06/16 05:05:54 AM,55.602,76.000,0.2729,0.00,1.70,176.9,1.2,0.000,4.291
1409,03/06/16 05:15:54 AM,56.340,75.200,0.2729,0.00,2.26,176.9,1.2,0.000,4.291
1410,03/06/16 05:25:54 AM,54.909,76.200,0.2729,0.56,2.26,176.9,1.2,0.000,4.291
1411,03/06/16 05:35:54 AM,54.082,78.800,0.2726,0.00,2.26,176.9,1.2,0.000,4.291
1412,03/06/16 05:45:54 AM,53.559,79.900,0.2729,0.56,1.70,176.9,1.2,0.000,4.291
1413,03/06/16 05:55:54 AM,53.733,79.700,0.2729,0.56,2.82,176.9,1.2,0.000,4.291
1414,03/06/16 06:05:54 AM,54.648,78.100,0.2729,0.56,2.82,171.3,1.2,0.000,4.291
1415,03/06/16 06:15:54 AM,54.169,77.300,0.2729,0.56,2.26,171.3,1.2,0.000,4.291
1416,03/06/16 06:25:54 AM,53.820,78.700,0.2729,0.56,1.70,171.3,11.2,0.000,4.291
1417,03/06/16 06:35:54 AM,54.255,79.000,0.2729,0.56,1.70,171.3,26.2,0.000,4.291
1418,03/06/16 06:45:54 AM,55.168,78.700,0.2726,0.56,1.70,171.3,51.2,0.000,4.291
1419,03/06/16 06:55:54 AM,55.256,76.600,0.2726,0.00,2.82,129.2,78.7,0.000,4.297
1420,03/06/16 07:05:54 AM,55.429,77.300,0.2726,0.00,1.70,122.1,108.7,0.000,4.315
1421,03/06/16 07:15:54 AM,55.558,77.700,0.2726,0.00,1.70,122.1,146.2,0.000,4.339
1422,03/06/16 07:25:54 AM,55.863,79.500,0.2726,0.00,1.12,122.1,188.7,0.000,4.393
1423,03/06/16 07:35:54 AM,57.506,78.000,0.2726,0.00,2.26,122.1,238.7,0.000,4.393
1424,03/06/16 07:45:54 AM,59.056,75.300,0.2726,0.00,0.00,122.1,276.2,0.000,4.381
1425,03/06/16 07:55:54 AM,60.217,73.100,0.2722,0.00,0.00,122.1,348.7,0.000,4.369
1426,03/06/16 08:05:54 AM,61.119,73.000,0.2722,0.00,0.56,122.1,428.7,0.000,4.363
1427,03/06/16 08:15:54 AM,61.506,71.000,0.2722,0.00,2.26,119.3,491.2,0.000,4.369
1428,03/06/16 08:25:54 AM,58.498,73.900,0.2719,1.70,4.50,313.1,343.7,0.000,4.363
1429,03/06/16 08:35:54 AM,58.669,76.600,0.2719,0.56,2.82,162.9,321.2,0.000,4.369
1430,03/06/16 08:45:54 AM,60.861,74.800,0.2715,0.00,1.70,126.4,493.7,0.000,4.363
1431,03/06/16 08:55:54 AM,61.119,72.900,0.2715,1.12,5.08,324.3,703.7,0.000,4.351
1432,03/06/16 09:05:54 AM,64.204,70.900,0.2715,0.00,2.82,306.1,781.2,0.000,4.369
1433,03/06/16 09:15:54 AM,63.732,67.800,0.2715,0.56,2.82,108.1,756.2,0.000,4.363
1434,03/06/16 09:25:54 AM,64.674,67.100,0.2712,0.00,2.26,67.4,696.2,0.000,4.387
1435,03/06/16 09:35:54 AM,65.188,66.000,0.2712,1.12,4.50,355.2,881.2,0.000,4.363
1436,03/06/16 09:45:54 AM,64.632,65.500,0.2712,1.70,4.50,344.0,1016.2,0.000,4.357
1437,03/06/16 09:55:54 AM,65.017,66.100,0.2712,1.70,4.50,322.9,1083.7,0.000,4.387
1438,03/06/16 10:05:54 AM,66.087,62.500,0.2708,0.56,3.38,348.2,1141.2,0.000,4.363
1439,03/06/16 10:15:54 AM,66.857,62.500,0.2708,1.70,5.64,328.5,1193.7,0.000,4.357
1440,03/06/16 10:25:54 AM,68.871,61.000,0.2708,0.56,2.82,328.5,1241.2,0.000,4.351
1441,03/06/16 10:35:54 AM,66.043,60.500,0.2708,1.70,5.64,339.7,1261.2,0.000,4.363
1442,03/06/16 10:45:54 AM,67.671,60.500,0.2708,1.12,4.50,339.7,1291.2,0.000,4.357
1443,03/06/16 10:55:54 AM,68.056,60.600,0.2708,1.70,4.50,327.1,1328.7,0.000,4.351
1444,03/06/16 11:05:54 AM,69.300,60.700,0.2708,1.70,5.08,331.3,1366.2,0.000,4.363
1445,03/06/16 11:15:54 AM,69.085,59.900,0.2708,2.82,6.20,328.5,1386.2,0.000,4.357
1446,03/06/16 11:25:54 AM,68.913,58.300,0.2712,2.82,6.76,313.1,1426.2,0.000,4.351
1447,03/06/16 11:35:54 AM,69.471,58.400,0.2712,2.82,6.20,310.3,1446.2,0.000,4.351
1448,03/06/16 11:45:54 AM,70.630,56.900,0.2712,1.70,5.64,322.9,1443.7,0.000,4.363
1449,03/06/16 11:55:54 AM,70.846,55.900,0.2712,2.82,6.76,331.3,1426.2,0.000,4.345
1450,03/06/16 12:05:54 PM,71.146,55.500,0.2712,3.38,7.90,339.7,1438.7,0.000,4.363
1451,03/06/16 12:15:54 PM,71.791,54.900,0.2708,2.82,7.31,339.7,1458.7,0.000,4.351
1452,03/06/16 12:25:54 PM,72.221,54.500,0.2708,2.82,9.01,301.8,1408.7,0.000,4.375
1453,03/06/16 12:35:54 PM,71.704,55.400,0.2708,2.26,7.31,339.7,1398.7,0.000,4.351
1454,03/06/16 12:45:54 PM,73.774,54.500,0.2708,1.12,5.64,313.1,1348.7,0.000,4.345
1455,03/06/16 12:55:54 PM,73.083,54.500,0.2708,2.26,9.01,276.6,1281.2,0.000,4.357
1456,03/06/16 01:05:54 PM,74.295,54.500,0.2708,1.70,8.46,317.3,1343.7,0.000,4.345
1457,03/06/16 01:15:54 PM,71.620,54.600,0.2708,2.82,10.13,334.1,1198.7,0.000,4.363
1458,03/06/16 01:25:54 PM,69.985,54.700,0.2708,3.94,15.77,271.0,1171.2,0.000,4.345
1459,03/06/16 01:35:54 PM,70.372,56.400,0.2708,4.50,12.39,242.9,1076.2,0.000,4.369
1460,03/06/16 01:45:54 PM,71.146,56.900,0.2708,2.26,9.57,258.3,971.2,0.000,4.357
1461,03/06/16 01:55:54 PM,70.630,57.200,0.2708,2.82,7.90,318.7,858.7,0.000,4.363
1462,03/06/16 02:05:54 PM,69.343,58.100,0.2708,3.38,11.27,248.5,733.7,0.000,4.357
1463,03/06/16 02:15:54 PM,68.614,60.400,0.2705,3.38,18.59,16.8,653.7,0.000,4.351
1464,03/06/16 02:25:54 PM,68.956,61.500,0.2705,3.94,15.77,134.8,583.7,0.000,4.363
1465,03/06/16 02:35:54 PM,68.013,63.200,0.2705,3.38,13.51,168.5,428.7,0.000,4.351
1466,03/06/16 02:45:54 PM,67.329,64.500,0.2701,6.20,14.65,140.4,506.2,0.000,4.363
1467,03/06/16 02:55:54 PM,68.571,64.800,0.2705,3.38,11.83,140.4,518.7,0.000,4.351
1468,03/06/16 03:05:54 PM,68.270,63.600,0.2701,2.26,9.01,207.8,463.7,0.000,4.363
1469,03/06/16 03:15:54 PM,67.500,64.600,0.2701,2.26,11.83,308.9,388.7,0.000,4.357
1470,03/06/16 03:25:54 PM,67.372,65.000,0.2701,2.82,12.39,265.3,381.2,0.000,4.351
1471,03/06/16 03:35:54 PM,66.943,65.600,0.2698,2.82,12.95,113.7,273.7,0.000,4.363
1472,03/06/16 03:45:54 PM,66.385,66.400,0.2698,5.64,12.95,127.8,213.7,0.000,4.351
1473,03/06/16 03:55:54 PM,66.043,67.300,0.2698,6.20,15.21,143.2,168.7,0.000,4.363
1474,03/06/16 04:05:54 PM,66.130,67.600,0.2694,9.01,17.47,136.2,176.2,0.000,4.363
1475,03/06/16 04:15:54 PM,66.301,67.300,0.2694,8.46,15.21,127.8,228.7,0.000,4.351
1476,03/06/16 04:25:54 PM,66.258,66.900,0.2694,5.64,14.09,120.7,178.7,0.000,4.363
1477,03/06/16 04:35:54 PM,65.788,66.600,0.2694,4.50,11.27,139.0,73.7,0.000,4.351
1478,03/06/16 04:45:54 PM,65.444,68.500,0.2691,6.76,15.21,117.9,56.2,0.000,4.345
1479,03/06/16 04:55:54 PM,65.444,68.300,0.2691,5.08,13.51,141.8,58.7,0.000,4.339
1480,03/06/16 05:05:54 PM,65.230,68.400,0.2691,7.31,15.21,134.8,56.2,0.000,4.339
1481,03/06/16 05:15:54 PM,64.974,69.300,0.2691,4.50,13.51,162.9,61.2,0.000,4.339
1482,03/06/16 05:25:54 PM,64.803,69.800,0.2691,2.82,9.57,327.1,41.2,0.000,4.339
1483,03/06/16 05:35:54 PM,64.375,70.600,0.2687,1.70,6.20,349.6,18.7,0.000,4.333
1484,03/06/16 05:45:54 PM,64.375,71.500,0.2687,2.26,10.69,59.0,8.7,0.000,4.333
1485,03/06/16 05:55:54 PM,64.247,71.900,0.2687,3.38,12.39,50.5,1.2,0.000,4.333
1486,03/06/16 06:05:54 PM,63.732,72.500,0.2687,3.38,10.13,320.1,1.2,0.000,4.327
1487,03/06/16 06:15:54 PM,63.433,73.900,0.2687,1.12,6.76,310.3,1.2,0.000,4.327
1488,03/06/16 06:25:54 PM,63.775,73.800,0.2687,1.70,8.46,50.5,1.2,0.000,4.321
1489,03/06/16 06:35:54 PM,63.304,73.700,0.2687,2.26,9.01,85.6,1.2,0.000,4.321
1490,03/06/16 06:45:54 PM,63.347,73.900,0.2687,6.76,16.33,132.0,1.2,0.000,4.321
1491,03/06/16 06:55:54 PM,63.090,74.300,0.2687,3.38,9.01,133.4,1.2,0.000,4.321
1492,03/06/16 07:05:54 PM,62.834,74.900,0.2684,2.26,7.31,140.4,1.2,0.000,4.321
1493,03/06/16 07:15:54 PM,62.533,76.000,0.2684,4.50,14.65,126.4,1.2,0.000,4.321
1494,03/06/16 07:25:54 PM,62.019,76.700,0.2684,4.50,9.01,127.8,1.2,0.000,4.321
1495,03/06/16 07:35:54 PM,62.191,76.800,0.2684,5.08,9.01,127.8,1.2,0.000,4.321
1496,03/06/16 07:45:54 PM,61.248,77.100,0.2684,2.82,6.20,136.2,1.2,0.000,4.321
1497,03/06/16 07:55:54 PM,61.205,78.500,0.2684,2.82,6.20,133.4,1.2,0.000,4.321
1498,03/06/16 08:05:54 PM,61.547,78.500,0.2684,4.50,8.46,130.6,1.2,0.000,4.321
1499,03/06/16 08:15:54 PM,61.075,77.300,0.2684,2.82,6.76,120.7,1.2,0.000,4.315
1500,03/06/16 08:25:54 PM,61.804,77.700,0.2684,5.08,10.13,129.2,1.2,0.000,4.315
1501,03/06/16 08:35:54 PM,61.677,77.800,0.2684,4.50,7.90,132.0,1.2,0.000,4.315
1502,03/06/16 08:45:54 PM,61.934,75.900,0.2684,2.26,5.64,122.1,1.2,0.000,4.315
1503,03/06/16 08:55:54 PM,60.775,74.600,0.2684,0.00,3.38,110.9,1.2,0.000,4.315
1504,03/06/16 09:05:54 PM,60.003,75.900,0.2684,0.56,3.38,147.4,1.2,0.000,4.309
1505,03/06/16 09:15:54 PM,60.604,77.500,0.2684,1.70,5.08,146.0,1.2,0.000,4.309
1506,03/06/16 09:25:54 PM,60.217,79.100,0.2684,2.26,5.08,133.4,1.2,0.000,4.309
1507,03/06/16 09:35:54 PM,60.474,78.500,0.2684,1.12,2.82,132.0,1.2,0.000,4.309
1508,03/06/16 09:45:54 PM,61.248,77.900,0.2684,2.26,6.20,137.6,1.2,0.000,4.309
1509,03/06/16 09:55:54 PM,61.590,77.200,0.2684,1.12,3.94,155.8,1.2,0.000,4.303
1510,03/06/16 10:05:54 PM,61.419,76.800,0.2684,1.70,6.76,116.5,1.2,0.000,4.303
1511,03/06/16 10:15:54 PM,60.647,78.000,0.2684,0.00,3.38,345.4,1.2,0.000,4.303
1512,03/06/16 10:25:54 PM,60.346,80.200,0.2684,0.00,2.26,162.9,1.2,0.000,4.303
1513,03/06/16 10:35:54 PM,60.561,80.500,0.2684,0.00,2.26,158.6,1.2,0.000,4.303
1514,03/06/16 10:45:54 PM,60.346,80.600,0.2684,0.00,2.26,158.6,1.2,0.000,4.303
1515,03/06/16 10:55:54 PM,60.433,81.500,0.2684,0.00,2.82,153.0,1.2,0.000,4.303
1516,03/06/16 11:05:54 PM,60.132,82.400,0.2680,0.00,1.70,148.8,1.2,0.000,4.303
1517,03/06/16 11:15:54 PM,60.260,82.200,0.2684,0.00,1.70,148.8,1.2,0.000,4.303
1518,03/06/16 11:25:54 PM,59.916,82.400,0.2680,0.00,1.70,148.8,1.2,0.000,4.303
1519,03/06/16 11:35:54 PM,60.433,82.100,0.2680,0.56,3.94,140.4,1.2,0.000,4.303
1520,03/06/16 11:45:54 PM,60.904,82.200,0.2680,1.12,6.20,134.8,1.2,0.000,4.303
1521,03/06/16 11:55:54 PM,60.260,82.400,0.2680,0.00,2.26,141.8,1.2,0.000,4.303
1522,03/07/16 12:05:54 AM,59.358,83.900,0.2680,0.00,2.26,157.2,1.2,0.000,4.303
1523,03/07/16 12:15:54 AM,60.775,84.200,0.2680,0.56,2.26,157.2,1.2,0.000,4.303
1524,03/07/16 12:25:54 AM,59.616,83.800,0.2680,0.00,1.12,157.2,1.2,0.000,4.303
1525,03/07/16 12:35:54 AM,59.272,86.800,0.2680,0.00,2.26,157.2,1.2,0.000,4.297
1526,03/07/16 12:45:54 AM,58.971,87.600,0.2680,0.00,2.82,157.2,1.2,0.000,4.297
1527,03/07/16 12:55:54 AM,59.014,87.800,0.2680,0.00,0.56,157.2,1.2,0.000,4.297
1528,03/07/16 01:05:54 AM,58.411,87.600,0.2680,0.00,0.00,157.2,1.2,0.000,4.297
1529,03/07/16 01:15:54 AM,58.239,87.600,0.2677,0.00,1.70,157.2,1.2,0.000,4.297
1530,03/07/16 01:25:54 AM,57.893,88.400,0.2677,0.56,2.82,157.2,1.2,0.000,4.297
1531,03/07/16 01:35:54 AM,58.541,88.200,0.2677,0.56,5.08,141.8,1.2,0.000,4.297
1532,03/07/16 01:45:54 AM,57.290,87.200,0.2677,0.00,1.12,113.7,1.2,0.000,4.321
1533,03/07/16 01:55:54 AM,56.122,88.600,0.2680,0.00,1.12,113.7,1.2,0.000,4.333
1534,03/07/16 02:05:54 AM,55.733,90.200,0.2680,0.00,1.70,113.7,1.2,0.000,4.333
1535,03/07/16 02:15:54 AM,55.906,91.400,0.2680,0.00,2.26,113.7,1.2,0.000,4.327
1536,03/07/16 02:25:54 AM,55.819,91.800,0.2680,0.00,2.26,113.7,1.2,0.000,4.297
1537,03/07/16 02:35:54 AM,55.690,92.300,0.2680,0.56,2.82,119.3,1.2,0.000,4.297
1538,03/07/16 02:45:54 AM,55.515,92.500,0.2680,0.56,2.26,141.8,1.2,0.000,4.297
1539,03/07/16 02:55:54 AM,55.733,92.600,0.2680,0.00,1.12,141.8,1.2,0.000,4.297
1540,03/07/16 03:05:54 AM,55.472,92.100,0.2680,0.00,1.70,141.8,1.2,0.000,4.297
1541,03/07/16 03:15:54 AM,54.691,92.500,0.2680,0.00,1.70,141.8,1.2,0.000,4.297
1542,03/07/16 03:25:54 AM,54.952,92.900,0.2684,0.56,2.26,141.8,1.2,0.000,4.297
1543,03/07/16 03:35:54 AM,54.561,92.900,0.2680,0.56,2.26,141.8,1.2,0.000,4.297
1544,03/07/16 03:45:54 AM,54.387,92.900,0.2680,0.56,2.26,141.8,1.2,0.000,4.321
1545,03/07/16 03:55:54 AM,55.299,93.100,0.2684,0.00,1.70,141.8,1.2,0.000,4.291
1546,03/07/16 04:05:54 AM,55.038,92.500,0.2684,0.00,1.70,141.8,1.2,0.000,4.291
1547,03/07/16 04:15:54 AM,55.081,92.700,0.2680,0.00,2.26,141.8,1.2,0.000,4.291
1548,03/07/16 04:25:54 AM,55.342,92.700,0.2680,0.00,1.12,141.8,1.2,0.000,4.291
1549,03/07/16 04:35:54 AM,55.949,92.200,0.2680,1.12,3.38,141.8,1.2,0.000,4.291
1550,03/07/16 04:45:54 AM,55.992,91.300,0.2680,1.12,3.38,140.4,1.2,0.000,4.291
1551,03/07/16 04:55:54 AM,55.863,91.400,0.2680,0.00,2.26,140.4,1.2,0.000,4.291
1552,03/07/16 05:05:54 AM,55.602,91.000,0.2680,0.00,1.70,140.4,1.2,0.000,4.291
1553,03/07/16 05:15:54 AM,55.386,92.100,0.2680,0.56,1.70,140.4,1.2,0.000,4.291
1554,03/07/16 05:25:54 AM,54.820,92.400,0.2680,0.00,0.00,140.4,1.2,0.000,4.291
1555,03/07/16 05:35:54 AM,54.820,93.000,0.2680,0.56,2.26,140.4,1.2,0.000,4.291
1556,03/07/16 05:45:54 AM,55.038,92.700,0.2680,0.00,2.26,140.4,1.2,0.000,4.291
1557,03/07/16 05:55:54 AM,55.213,91.900,0.2680,0.00,1.70,140.4,1.2,0.000,4.291
1558,03/07/16 06:05:54 AM,55.299,92.500,0.2680,0.00,0.56,140.4,1.2,0.000,4.291
1559,03/07/16 06:15:54 AM,55.081,92.300,0.2677,0.00,0.00,140.4,3.7,0.000,4.291
1560,03/07/16 06:25:54 AM,54.430,93.100,0.2677,0.00,1.70,140.4,13.7,0.000,4.291
1561,03/07/16 06:35:54 AM,54.255,94.000,0.2677,0.56,1.70,140.4,31.2,0.000,4.291
1562,03/07/16 06:45:54 AM,54.082,94.000,0.2677,0.00,2.26,140.4,56.2,0.000,4.291
1563,03/07/16 06:55:54 AM,54.343,94.100,0.2677,0.00,1.70,140.4,86.2,0.000,4.309
1564,03/07/16 07:05:54 AM,54.561,93.500,0.2677,0.00,1.12,140.4,121.2,0.000,4.333
1565,03/07/16 07:15:54 AM,55.168,93.500,0.2677,0.00,1.12,140.4,158.7,0.000,4.363
1566,03/07/16 07:25:54 AM,56.469,92.700,0.2677,0.00,0.00,140.4,203.7,0.000,4.400
1567,03/07/16 07:35:54 AM,58.282,91.800,0.2677,0.00,0.00,140.4,261.2,0.000,4.381
1568,03/07/16 07:45:54 AM,59.486,89.900,0.2677,0.00,0.00,140.4,318.7,0.000,4.369
1569,03/07/16 07:55:54 AM,59.358,88.100,0.2673,0.00,2.26,57.6,361.2,0.000,4.363
1570,03/07/16 08:05:54 AM,59.401,87.700,0.2673,0.00,1.12,0.0,413.7,0.000,4.393
1571,03/07/16 08:15:54 AM,60.260,86.900,0.2670,0.00,2.26,0.0,501.2,0.000,4.363
1572,03/07/16 08:25:54 AM,60.604,86.100,0.2670,0.00,2.26,0.0,513.7,0.000,4.357
1573,03/07/16 08:35:54 AM,60.991,84.900,0.2666,0.56,2.82,0.0,573.7,0.000,4.369
1574,03/07/16 08:45:54 AM,61.419,84.400,0.2666,0.56,3.38,1.4,596.2,0.000,4.363
1575,03/07/16 08:55:54 AM,62.661,82.100,0.2666,0.56,4.50,342.6,756.2,0.000,4.351
1576,03/07/16 09:05:54 AM,63.475,79.500,0.2664,1.12,3.38,341.2,821.2,0.000,4.369
1577,03/07/16 09:15:54 AM,63.048,78.300,0.2664,1.12,4.50,328.5,943.7,0.000,4.363
1578,03/07/16 09:25:54 AM,61.677,80.200,0.2664,0.56,2.82,355.2,436.2,0.000,4.351
1579,03/07/16 09:35:54 AM,62.661,80.800,0.2664,0.00,2.82,16.8,398.7,0.000,4.363
1580,03/07/16 09:45:54 AM,64.161,78.700,0.2664,1.12,5.64,306.1,656.2,0.000,4.351
1581,03/07/16 09:55:54 AM,65.273,76.200,0.2660,1.12,6.20,181.1,841.2,0.000,4.363
1582,03/07/16 10:05:54 AM,66.258,73.700,0.2660,1.12,4.50,331.3,1288.7,0.000,4.357
1583,03/07/16 10:15:54 AM,68.356,68.900,0.2660,1.70,6.76,141.8,1298.7,0.000,4.393
1584,03/07/16 10:25:54 AM,67.372,66.400,0.2660,2.26,9.01,141.8,1341.2,0.000,4.363
1585,03/07/16 10:35:54 AM,67.285,65.500,0.2660,3.38,9.57,143.2,1388.7,0.000,4.357
1586,03/07/16 10:45:54 AM,68.785,63.700,0.2660,2.82,7.90,153.0,1468.7,0.000,4.345
1587,03/07/16 10:55:54 AM,70.372,61.600,0.2660,2.26,7.90,120.7,1508.7,0.000,4.363
1588,03/07/16 11:05:54 AM,68.270,60.600,0.2660,2.82,9.01,209.2,1583.7,0.000,4.357
1589,03/07/16 11:15:54 AM,67.928,61.300,0.2664,4.50,11.27,262.5,1538.7,0.000,4.351
1590,03/07/16 11:25:54 AM,67.971,59.600,0.2664,3.94,9.57,228.8,1591.2,0.000,4.369
1591,03/07/16 11:35:54 AM,68.742,57.400,0.2664,2.82,8.46,276.6,1591.2,0.000,4.363
1592,03/07/16 11:45:54 AM,69.427,56.900,0.2664,2.26,7.31,272.4,1476.2,0.000,4.351
1593,03/07/16 11:55:54 AM,72.264,56.900,0.2664,1.70,6.20,282.2,1558.7,0.000,4.369
1594,03/07/16 12:05:54 PM,69.129,56.300,0.2660,5.08,12.39,126.4,1568.7,0.000,4.357
1595,03/07/16 12:15:54 PM,68.657,58.300,0.2660,6.20,13.51,133.4,1553.7,0.000,4.345
1596,03/07/16 12:25:54 PM,69.427,59.000,0.2657,5.08,15.77,130.6,1568.7,0.000,4.363
1597,03/07/16 12:35:54 PM,71.274,57.100,0.2657,3.38,10.69,103.9,1546.2,0.000,4.351
1598,03/07/16 12:45:54 PM,70.759,57.300,0.2657,3.94,16.33,147.4,1538.7,0.000,4.363
1599,03/07/16 12:55:54 PM,69.771,58.000,0.2657,5.08,14.65,143.2,1516.2,0.000,4.357
1600,03/07/16 01:05:54 PM,69.814,58.400,0.2657,5.08,13.51,110.9,1366.2,0.000,4.351
1601,03/07/16 01:15:54 PM,70.630,59.300,0.2657,5.08,15.77,109.5,1306.2,0.000,4.363
1602,03/07/16 01:25:54 PM,68.828,60.000,0.2657,4.50,12.95,133.4,728.7,0.000,4.351
1603,03/07/16 01:35:54 PM,68.056,62.200,0.2657,5.08,15.21,139.0,683.7,0.000,4.381
1604,03/07/16 01:45:54 PM,66.385,62.800,0.2657,6.76,13.51,147.4,558.7,0.000,4.357
1605,03/07/16 01:55:54 PM,65.444,64.700,0.2657,7.31,14.09,123.5,286.2,0.000,4.393
1606,03/07/16 02:05:54 PM,65.788,66.600,0.2657,4.50,14.09,108.1,338.7,0.000,4.363
1607,03/07/16 02:15:54 PM,65.359,66.100,0.2653,6.20,12.95,141.8,293.7,0.000,4.351
1608,03/07/16 02:25:54 PM,65.316,68.000,0.2653,3.94,15.21,203.6,311.2,0.000,4.369
1609,03/07/16 02:35:54 PM,64.888,68.400,0.2653,5.08,10.69,148.8,228.7,0.000,4.357
1610,03/07/16 02:45:54 PM,64.888,68.600,0.2650,5.64,14.65,127.8,233.7,0.000,4.351
1611,03/07/16 02:55:54 PM,64.589,69.800,0.2650,4.50,12.39,134.8,208.7,0.000,4.363
1612,03/07/16 03:05:54 PM,64.717,70.600,0.2646,3.38,10.13,123.5,238.7,0.000,4.351
1613,03/07/16 03:15:54 PM,64.418,71.300,0.2646,7.31,14.65,129.2,211.2,0.000,4.375
1614,03/07/16 03:25:54 PM,64.247,71.300,0.2642,6.20,17.47,115.1,201.2,0.000,4.363
1615,03/07/16 03:35:54 PM,64.288,71.000,0.2642,3.38,8.46,130.6,196.2,0.000,4.351
1616,03/07/16 03:45:54 PM,64.204,70.500,0.2642,3.38,9.01,287.8,178.7,0.000,4.363
1617,03/07/16 03:55:54 PM,64.332,70.800,0.2642,2.26,7.31,335.5,206.2,0.000,4.357
1618,03/07/16 04:05:54 PM,64.204,71.200,0.2642,2.82,9.57,286.4,141.2,0.000,4.363
1619,03/07/16 04:15:54 PM,64.288,70.100,0.2642,2.26,9.01,322.9,123.7,0.000,4.363
1620,03/07/16 04:25:54 PM,64.033,70.400,0.2639,3.94,13.51,269.6,98.7,0.000,4.351
1621,03/07/16 04:35:54 PM,63.819,70.900,0.2639,2.82,9.01,324.3,111.2,0.000,4.357
1622,03/07/16 04:45:54 PM,63.048,72.500,0.2639,3.38,14.09,54.8,63.7,0.000,4.351
1623,03/07/16 04:55:54 PM,63.090,73.700,0.2639,2.26,9.57,318.7,71.2,0.000,4.351
1624,03/07/16 05:05:54 PM,62.791,74.000,0.2639,1.12,7.31,290.6,53.7,0.000,4.345
1625,03/07/16 05:15:54 PM,62.577,74.300,0.2635,1.70,6.76,353.8,43.7,0.000,4.339
1626,03/07/16 05:25:54 PM,62.406,74.700,0.2635,3.38,9.01,338.3,28.7,0.000,4.339
1627,03/07/16 05:35:54 PM,62.276,75.000,0.2639,1.70,6.76,339.7,21.2,0.000,4.339
1628,03/07/16 05:45:54 PM,61.934,76.200,0.2639,1.70,6.20,25.3,8.7,0.000,4.339
1629,03/07/16 05:55:54 PM,61.547,76.700,0.2635,1.70,9.57,87.0,8.7,0.000,4.333
1630,03/07/16 06:05:54 PM,61.462,77.000,0.2639,5.08,9.57,127.8,3.7,0.000,4.333
1631,03/07/16 06:15:54 PM,61.419,77.000,0.2635,7.31,14.65,126.4,1.2,0.000,4.333
1632,03/07/16 06:25:54 PM,61.419,78.600,0.2635,5.64,10.13,137.6,1.2,0.000,4.327
1633,03/07/16 06:35:54 PM,61.633,78.400,0.2639,5.64,11.83,133.4,1.2,0.000,4.327
1634,03/07/16 06:45:54 PM,61.804,77.400,0.2639,7.31,15.77,132.0,1.2,0.000,4.321
1635,03/07/16 06:55:54 PM,61.419,78.000,0.2639,4.50,10.69,129.2,1.2,0.000,4.321
1636,03/07/16 07:05:54 PM,61.633,79.300,0.2639,4.50,9.01,141.8,1.2,0.000,4.321
1637,03/07/16 07:15:54 PM,61.720,78.100,0.2639,2.82,8.46,146.0,1.2,0.000,4.321
1638,03/07/16 07:25:54 PM,61.506,79.900,0.2639,2.26,10.69,4.2,1.2,0.000,4.321
1639,03/07/16 07:35:54 PM,61.547,80.400,0.2635,1.12,5.08,122.1,1.2,0.000,4.321
1640,03/07/16 07:45:54 PM,61.376,79.800,0.2635,3.38,13.51,4.2,1.2,0.000,4.321
1641,03/07/16 07:55:54 PM,61.075,80.500,0.2635,2.26,8.46,157.2,1.2,0.000,4.321
1642,03/07/16 08:05:54 PM,60.948,79.800,0.2635,7.31,17.47,133.4,1.2,0.000,4.321
1643,03/07/16 08:15:54 PM,60.991,79.300,0.2635,9.57,19.71,132.0,1.2,0.000,4.315
1644,03/07/16 08:25:54 PM,60.861,79.400,0.2635,7.90,15.77,132.0,1.2,0.000,4.315
1645,03/07/16 08:35:54 PM,60.604,80.100,0.2635,5.64,11.27,144.6,1.2,0.000,4.315
1646,03/07/16 08:45:54 PM,60.733,79.500,0.2635,7.31,13.51,130.6,1.2,0.000,4.315
1647,03/07/16 08:55:54 PM,60.303,80.300,0.2635,6.20,9.57,134.8,1.2,0.000,4.315
1648,03/07/16 09:05:54 PM,60.775,79.700,0.2635,6.76,12.39,134.8,1.2,0.000,4.315
1649,03/07/16 09:15:54 PM,60.647,80.100,0.2635,5.64,10.69,130.6,1.2,0.000,4.309
1650,03/07/16 09:25:54 PM,60.733,81.100,0.2635,6.76,11.83,144.6,1.2,0.000,4.309
1651,03/07/16 09:35:54 PM,60.733,81.300,0.2635,9.01,18.59,137.6,1.2,0.000,4.309
1652,03/07/16 09:45:54 PM,60.517,81.600,0.2635,9.01,15.21,139.0,1.2,0.000,4.309
1653,03/07/16 09:55:54 PM,60.390,81.500,0.2635,6.20,14.65,132.0,1.2,0.000,4.309
1654,03/07/16 10:05:54 PM,60.132,82.100,0.2635,5.64,12.95,120.7,1.2,0.000,4.309
1655,03/07/16 10:15:54 PM,60.174,82.600,0.2635,4.50,11.27,123.5,1.2,0.000,4.303
1656,03/07/16 10:25:54 PM,59.873,82.900,0.2635,1.12,6.76,168.5,1.2,0.000,4.303
1657,03/07/16 10:35:54 PM,60.390,82.500,0.2635,2.82,11.83,92.7,1.2,0.000,4.303
1658,03/07/16 10:45:54 PM,60.174,82.000,0.2635,3.38,10.69,98.3,1.2,0.000,4.303
1659,03/07/16 10:55:54 PM,59.659,81.800,0.2635,1.70,6.76,119.3,1.2,0.000,4.303
1660,03/07/16 11:05:54 PM,60.433,82.100,0.2635,2.26,9.01,129.2,1.2,0.000,4.303
1661,03/07/16 11:15:54 PM,60.260,82.100,0.2635,1.12,5.08,151.6,1.2,0.000,4.303
1662,03/07/16 11:25:54 PM,60.089,82.900,0.2635,1.70,5.08,153.0,1.2,0.000,4.303
1663,03/07/16 11:35:54 PM,60.474,83.400,0.2635,2.82,7.90,172.7,1.2,0.000,4.303
1664,03/07/16 11:45:54 PM,60.132,83.200,0.2632,2.26,7.90,127.8,1.2,0.000,4.303
1665,03/07/16 11:55:54 PM,60.474,83.600,0.2632,2.82,7.90,1.4,1.2,0.000,4.303
1666,03/08/16 12:05:54 AM,59.916,84.000,0.2635,1.12,6.20,268.1,1.2,0.000,4.303
1667,03/08/16 12:15:54 AM,59.873,84.400,0.2635,2.26,11.27,273.8,1.2,0.000,4.303
1668,03/08/16 12:25:54 AM,59.572,85.800,0.2635,3.94,9.01,258.3,1.2,0.000,4.297
1669,03/08/16 12:35:54 AM,59.659,86.400,0.2632,2.26,6.20,233.1,1.2,0.000,4.303
1670,03/08/16 12:45:54 AM,59.486,85.900,0.2632,1.12,4.50,329.9,1.2,0.000,4.297
1671,03/08/16 12:55:54 AM,59.616,86.400,0.2628,2.26,7.31,279.4,1.2,0.000,4.297
1672,03/08/16 01:05:54 AM,58.971,87.000,0.2628,1.70,5.08,137.6,1.2,0.000,4.297
1673,03/08/16 01:15:54 AM,59.572,86.400,0.2628,1.12,4.50,161.5,1.2,0.000,4.297
1674,03/08/16 01:25:54 AM,59.401,86.600,0.2628,1.70,4.50,144.6,1.2,0.000,4.297
1675,03/08/16 01:35:54 AM,59.916,86.100,0.2628,3.94,8.46,151.6,1.2,0.000,4.297
1676,03/08/16 01:45:54 AM,59.572,85.600,0.2628,2.26,5.64,139.0,1.2,0.000,4.297
1677,03/08/16 01:55:54 AM,59.358,86.100,0.2628,1.12,7.90,92.7,1.2,0.000,4.297
1678,03/08/16 02:05:54 AM,59.659,86.400,0.2628,1.70,7.31,154.4,1.2,0.000,4.297
1679,03/08/16 02:15:54 AM,59.358,85.700,0.2628,1.12,6.20,44.9,1.2,0.000,4.297
1680,03/08/16 02:25:54 AM,59.014,86.400,0.2628,1.12,4.50,109.5,1.2,0.000,4.297
1681,03/08/16 02:35:54 AM,59.272,86.100,0.2624,0.56,2.82,112.3,1.2,0.000,4.297
1682,03/08/16 02:45:54 AM,58.971,86.300,0.2624,0.00,2.26,102.5,1.2,0.000,4.297
1683,03/08/16 02:55:54 AM,59.616,86.300,0.2624,0.56,3.94,98.3,1.2,0.000,4.297
1684,03/08/16 03:05:54 AM,59.401,84.800,0.2624,0.56,2.26,99.7,1.2,0.000,4.297
1685,03/08/16 03:15:54 AM,59.185,84.900,0.2624,0.00,2.82,109.5,1.2,0.000,4.297
1686,03/08/16 03:25:54 AM,58.023,86.500,0.2624,0.00,1.70,109.5,1.2,0.000,4.297
1687,03/08/16 03:35:54 AM,57.420,89.400,0.2624,0.00,2.82,105.3,1.2,0.000,4.297
1688,03/08/16 03:45:54 AM,56.944,92.300,0.2624,0.56,5.08,345.4,1.2,0.000,4.333
1689,03/08/16 03:55:54 AM,56.944,93.000,0.2624,0.00,1.70,0.0,1.2,0.000,4.303
1690,03/08/16 04:05:54 AM,57.117,93.700,0.2624,0.00,2.82,352.4,1.2,0.000,4.333
1691,03/08/16 04:15:54 AM,57.807,92.100,0.2624,0.00,2.26,227.4,1.2,0.000,4.291
1692,03/08/16 04:25:54 AM,57.074,91.500,0.2624,0.00,1.70,299.0,1.2,0.000,4.291
1693,03/08/16 04:35:54 AM,56.901,92.800,0.2624,0.00,1.70,199.4,1.2,0.000,4.321
1694,03/08/16 04:45:54 AM,56.988,93.200,0.2624,0.00,2.26,169.9,1.2,0.000,4.303
1695,03/08/16 04:55:54 AM,57.420,93.400,0.2624,0.56,1.70,169.9,1.2,0.000,4.291
1696,03/08/16 05:05:54 AM,57.247,92.700,0.2624,0.00,1.12,169.9,1.2,0.000,4.333
1697,03/08/16 05:15:54 AM,57.376,92.200,0.2624,0.00,1.70,169.9,1.2,0.000,4.303
1698,03/08/16 05:25:54 AM,56.556,93.200,0.2624,0.00,1.12,169.9,1.2,0.000,4.321
1699,03/08/16 05:35:54 AM,56.469,94.400,0.2624,0.00,1.70,169.9,1.2,0.000,4.303
1700,03/08/16 05:45:54 AM,57.031,94.600,0.2624,0.00,1.70,169.9,1.2,0.000,4.297
1701,03/08/16 05:55:54 AM,57.117,93.700,0.2624,0.00,0.56,169.9,1.2,0.000,4.321
1702,03/08/16 06:05:54 AM,57.290,93.400,0.2624,0.00,0.00,169.9,1.2,0.000,4.291
1703,03/08/16 06:15:54 AM,57.074,93.000,0.2624,0.00,1.70,169.9,1.2,0.000,4.291
1704,03/08/16 06:25:54 AM,56.728,92.900,0.2624,0.00,0.56,169.9,6.2,0.000,4.291
1705,03/08/16 06:35:54 AM,56.685,93.200,0.2624,0.00,0.56,169.9,18.7,0.000,4.291
1706,03/08/16 06:45:54 AM,56.772,92.800,0.2624,0.00,0.56,169.9,41.2,0.000,4.291
1707,03/08/16 06:55:54 AM,57.074,92.500,0.2621,0.00,1.12,169.9,53.7,0.000,4.291
1708,03/08/16 07:05:54 AM,56.988,92.200,0.2621,0.00,1.70,169.9,31.2,0.000,4.291
1709,03/08/16 07:15:54 AM,57.247,91.700,0.2621,0.00,1.12,169.9,58.7,0.000,4.321
1710,03/08/16 07:25:54 AM,57.936,91.500,0.2621,0.00,1.70,169.9,93.7,0.000,4.333
1711,03/08/16 07:35:54 AM,58.368,89.700,0.2621,0.00,0.56,169.9,81.2,0.000,4.406
1712,03/08/16 07:45:54 AM,59.659,88.100,0.2621,1.12,5.64,283.6,126.2,0.000,4.351
1713,03/08/16 07:55:54 AM,58.798,88.300,0.2618,0.00,1.12,331.3,126.2,0.000,4.345
1714,03/08/16 08:05:54 AM,58.842,87.700,0.2618,0.00,1.12,331.3,86.2,0.000,4.321
1715,03/08/16 08:15:54 AM,58.626,89.300,0.2618,0.00,1.70,331.3,156.2,0.000,4.339
1716,03/08/16 08:25:54 AM,59.056,89.000,0.2618,0.00,1.12,331.3,101.2,0.000,4.339
1717,03/08/16 08:35:54 AM,58.282,89.500,0.2618,0.00,1.12,331.3,71.2,0.000,4.333
1718,03/08/16 08:45:54 AM,59.056,89.200,0.2615,0.00,2.26,334.1,156.2,0.000,4.351
1719,03/08/16 08:55:54 AM,60.733,87.100,0.2615,0.00,3.38,108.1,301.2,0.000,4.400
1720,03/08/16 09:05:54 AM,61.891,85.800,0.2615,1.12,5.64,0.0,838.7,0.000,4.387
1721,03/08/16 09:15:54 AM,64.288,83.500,0.2615,1.70,5.64,329.9,968.7,0.000,4.369
1722,03/08/16 09:25:54 AM,60.991,83.400,0.2611,2.26,6.20,303.2,516.2,0.000,4.363
1723,03/08/16 09:35:54 AM,61.761,85.200,0.2611,0.00,2.82,290.6,428.7,0.000,4.351
1724,03/08/16 09:45:54 AM,64.888,82.300,0.2611,0.00,3.38,47.7,766.2,0.000,4.375
1725,03/08/16 09:55:54 AM,63.775,81.300,0.2611,0.56,3.94,283.6,436.2,0.000,4.363
1726,03/08/16 10:05:54 AM,64.459,79.000,0.2611,0.56,3.94,235.9,646.2,0.000,4.357
1727,03/08/16 10:15:54 AM,63.262,80.700,0.2611,1.12,4.50,324.3,428.7,0.000,4.369
1728,03/08/16 10:25:54 AM,65.403,78.500,0.2611,1.70,6.20,101.1,731.2,0.000,4.363
1729,03/08/16 10:35:54 AM,66.429,74.100,0.2611,1.12,6.20,315.9,1056.2,0.000,4.351
1730,03/08/16 10:45:54 AM,69.771,71.600,0.2607,1.12,9.57,294.8,1501.2,0.000,4.369
1731,03/08/16 10:55:54 AM,67.199,67.800,0.2607,2.26,10.69,105.3,1526.2,0.000,4.363
1732,03/08/16 11:05:54 AM,70.587,67.100,0.2607,2.26,10.13,339.7,1453.7,0.000,4.351
1733,03/08/16 11:15:54 AM,69.814,64.700,0.2611,2.26,7.31,297.6,1578.7,0.000,4.369
1734,03/08/16 11:25:54 AM,67.842,63.000,0.2611,3.94,10.13,176.9,1221.2,0.000,4.357
1735,03/08/16 11:35:54 AM,69.471,63.000,0.2615,2.82,8.46,256.9,1571.2,0.000,4.351
1736,03/08/16 11:45:54 AM,70.072,62.200,0.2615,3.94,10.69,126.4,1513.7,0.000,4.351
1737,03/08/16 11:55:54 AM,71.231,60.600,0.2611,3.94,9.57,101.1,1578.7,0.000,4.357
1738,03/08/16 12:05:54 PM,69.600,60.700,0.2611,5.08,16.33,85.6,1673.7,0.000,4.345
1739,03/08/16 12:15:54 PM,69.901,60.300,0.2607,4.50,11.83,174.1,1611.2,0.000,4.363
1740,03/08/16 12:25:54 PM,71.060,58.000,0.2611,3.38,11.27,139.0,1568.7,0.000,4.351
1741,03/08/16 12:35:54 PM,69.600,57.300,0.2607,4.50,11.83,115.1,1418.7,0.000,4.363
1742,03/08/16 12:45:54 PM,69.256,56.800,0.2607,5.64,12.39,122.1,1411.2,0.000,4.351
1743,03/08/16 12:55:54 PM,68.614,59.500,0.2611,3.38,9.57,67.4,781.2,0.000,4.369
1744,03/08/16 01:05:54 PM,71.190,58.200,0.2607,3.38,9.57,304.7,1501.2,0.000,4.357
1745,03/08/16 01:15:54 PM,70.502,54.600,0.2611,2.82,8.46,355.2,1291.2,0.000,4.345
1746,03/08/16 01:25:54 PM,71.361,54.700,0.2607,3.94,12.95,71.6,1358.7,0.000,4.357
1747,03/08/16 01:35:54 PM,71.577,53.100,0.2607,2.26,8.46,18.3,1243.7,0.000,4.345
1748,03/08/16 01:45:54 PM,70.716,52.800,0.2607,3.94,9.57,7.0,1253.7,0.000,4.363
1749,03/08/16 01:55:54 PM,69.256,55.200,0.2607,3.94,9.57,306.1,773.7,0.000,4.351
1750,03/08/16 02:05:54 PM,69.685,55.800,0.2607,4.50,13.51,348.2,871.2,0.000,4.363
1751,03/08/16 02:15:54 PM,69.814,56.700,0.2607,2.26,7.31,292.0,566.2,0.000,4.351
1752,03/08/16 02:25:54 PM,67.372,58.200,0.2604,4.50,11.83,19.7,371.2,0.000,4.369
1753,03/08/16 02:35:54 PM,66.772,60.000,0.2604,3.38,11.83,7.0,298.7,0.000,4.357
1754,03/08/16 02:45:54 PM,66.686,60.700,0.2604,3.94,11.83,190.9,251.2,0.000,4.351
1755,03/08/16 02:55:54 PM,66.087,60.000,0.2604,2.82,8.46,344.0,201.2,0.000,4.369
1756,03/08/16 03:05:54 PM,65.745,61.100,0.2600,3.38,11.27,301.8,208.7,0.000,4.351
1757,03/08/16 03:15:54 PM,65.444,62.100,0.2600,2.26,12.39,18.3,153.7,0.000,4.357
1758,03/08/16 03:25:54 PM,65.145,62.500,0.2600,1.70,6.20,303.2,103.7,0.000,4.357
1759,03/08/16 03:35:54 PM,64.803,63.800,0.2596,3.38,8.46,268.1,38.7,0.000,4.351
1760,03/08/16 03:45:54 PM,63.048,67.000,0.2604,2.82,15.21,338.3,33.7,0.000,4.345
1761,03/08/16 03:55:54 PM,62.834,70.800,0.2600,2.82,6.76,327.1,53.7,0.000,4.339
1762,03/08/16 04:05:54 PM,62.620,72.100,0.2604,4.50,10.13,293.4,16.2,0.000,4.339
1763,03/08/16 04:15:54 PM,60.991,75.300,0.2604,1.12,7.90,341.2,18.7,0.000,4.339
1764,03/08/16 04:25:54 PM,61.162,79.400,0.2585,0.00,2.82,99.7,18.7,0.008,4.333
1765,03/08/16 04:35:54 PM,59.572,80.600,0.2560,2.26,7.90,251.3,8.7,0.031,4.333
1766,03/08/16 04:45:54 PM,55.125,89.100,0.2853,2.26,6.76,230.2,33.7,0.150,4.333
1767,03/08/16 04:55:54 PM,55.342,91.800,0.2847,5.08,13.51,130.6,66.2,0.000,4.333
1768,03/08/16 05:05:54 PM,55.733,87.400,0.2837,2.26,7.90,165.7,41.2,0.000,4.327
1769,03/08/16 05:15:54 PM,56.469,89.300,0.2830,1.12,4.50,160.0,18.7,0.000,4.327
1770,03/08/16 05:25:54 PM,56.685,90.300,0.2844,0.56,2.82,150.2,8.7,0.016,4.321
1771,03/08/16 05:35:54 PM,57.463,90.600,0.2847,1.70,5.08,136.2,16.2,0.000,4.321
1772,03/08/16 05:45:54 PM,58.152,87.800,0.2847,1.70,5.64,113.7,13.7,0.000,4.321
1773,03/08/16 05:55:54 PM,56.642,88.200,0.2844,0.00,3.38,4.2,3.7,0.000,4.321
1774,03/08/16 06:05:54 PM,56.685,91.400,0.2840,1.12,3.38,127.8,1.2,0.000,4.321
1775,03/08/16 06:15:54 PM,56.988,91.800,0.2837,0.00,2.26,134.8,1.2,0.000,4.321
1776,03/08/16 06:25:54 PM,57.420,90.500,0.2837,0.00,2.82,134.8,1.2,0.000,4.321
1777,03/08/16 06:35:54 PM,57.074,90.100,0.2847,0.00,2.82,134.8,1.2,0.000,4.321
1778,03/08/16 06:45:54 PM,56.512,90.900,0.2834,1.12,5.08,133.4,1.2,0.008,4.315
1779,03/08/16 06:55:54 PM,56.772,91.200,0.2840,2.82,5.64,140.4,1.2,0.008,4.315
1780,03/08/16 07:05:54 PM,57.376,90.400,0.2840,3.38,7.90,136.2,1.2,0.000,4.315
1781,03/08/16 07:15:54 PM,57.722,89.300,0.2844,5.64,11.27,143.2,1.2,0.000,4.315
1782,03/08/16 07:25:54 PM,57.592,90.200,0.2850,2.26,8.46,140.4,1.2,0.008,4.315
1783,03/08/16 07:35:54 PM,56.728,89.900,0.2853,0.00,2.26,143.2,1.2,0.008,4.315
1784,03/08/16 07:45:54 PM,56.944,92.200,0.2871,1.12,6.76,141.8,1.2,0.008,4.309
1785,03/08/16 07:55:54 PM,56.383,89.900,0.2922,5.64,10.69,124.9,1.2,0.024,4.309
1786,03/08/16 08:05:54 PM,56.383,90.800,0.2966,1.70,6.76,141.8,1.2,0.024,4.309
1787,03/08/16 08:15:54 PM,55.863,90.300,0.2973,0.56,2.82,136.2,1.2,0.000,4.303
1788,03/08/16 08:25:54 PM,54.952,91.900,0.2973,0.00,1.12,146.0,1.2,0.008,4.303
1789,03/08/16 08:35:54 PM,54.909,93.800,0.2976,0.00,1.12,144.6,1.2,0.008,4.303
1790,03/08/16 08:45:54 PM,55.081,94.600,0.2984,0.00,1.70,144.6,1.2,0.008,4.303
1791,03/08/16 08:55:54 PM,55.299,94.900,0.2984,0.00,2.26,144.6,1.2,0.000,4.303
1792,03/08/16 09:05:54 PM,55.213,94.600,0.2979,0.56,3.94,137.6,1.2,0.000,4.303
1793,03/08/16 09:15:54 PM,55.733,93.100,0.2976,1.70,4.50,129.2,1.2,0.000,4.303
1794,03/08/16 09:25:54 PM,56.944,90.200,0.2970,1.12,5.64,134.8,1.2,0.000,4.303
1795,03/08/16 09:35:54 PM,56.383,90.700,0.2963,0.00,1.70,140.4,1.2,0.000,4.303
1796,03/08/16 09:45:54 PM,55.213,91.600,0.2959,0.00,0.00,140.4,1.2,0.000,4.303
1797,03/08/16 09:55:54 PM,55.125,92.700,0.2955,0.00,0.00,140.4,1.2,0.000,4.303
1798,03/08/16 10:05:54 PM,55.125,93.600,0.2952,0.00,0.00,140.4,1.2,0.000,4.303
1799,03/08/16 10:15:54 PM,55.256,94.000,0.2949,0.00,3.38,140.4,1.2,0.000,4.297
1800,03/08/16 10:25:54 PM,55.429,93.600,0.2946,0.00,0.56,140.4,1.2,0.000,4.297
1801,03/08/16 10:35:54 PM,55.558,93.400,0.2949,0.56,3.38,136.2,1.2,0.000,4.297
1802,03/08/16 10:45:54 PM,55.906,93.600,0.2949,1.12,3.38,134.8,1.2,0.000,4.297
1803,03/08/16 10:55:54 PM,55.429,93.100,0.2952,0.56,4.50,140.4,1.2,0.000,4.297
1804,03/08/16 11:05:54 PM,54.952,92.100,0.2949,2.82,5.64,139.0,1.2,0.000,4.297
1805,03/08/16 11:15:54 PM,55.168,91.800,0.2949,2.26,6.20,141.8,1.2,0.000,4.297
1806,03/08/16 11:25:54 PM,55.038,92.200,0.2946,0.00,1.70,141.8,1.2,0.000,4.297
1807,03/08/16 11:35:54 PM,55.038,93.700,0.2946,0.00,1.70,141.8,1.2,0.000,4.297
1808,03/08/16 11:45:54 PM,55.256,93.000,0.2942,0.00,2.82,136.2,1.2,0.000,4.297
1809,03/08/16 11:55:54 PM,55.168,93.200,0.2942,0.00,1.12,134.8,1.2,0.000,4.297
1810,03/09/16 12:05:54 AM,55.342,92.800,0.2942,0.00,1.70,134.8,1.2,0.000,4.297
1811,03/09/16 12:15:54 AM,55.342,92.100,0.2938,1.70,3.38,134.8,1.2,0.000,4.297
1812,03/09/16 12:25:54 AM,54.995,91.800,0.2938,1.12,3.38,134.8,1.2,0.000,4.297
1813,03/09/16 12:35:54 AM,55.386,91.800,0.2938,1.70,3.94,137.6,1.2,0.000,4.297
1814,03/09/16 12:45:54 AM,55.125,91.600,0.2935,1.12,3.38,139.0,1.2,0.000,4.291
1815,03/09/16 12:55:54 AM,55.038,91.700,0.2935,1.12,2.82,139.0,1.2,0.000,4.291
1816,03/09/16 01:05:54 AM,54.820,92.400,0.2935,0.00,1.70,139.0,1.2,0.000,4.291
1817,03/09/16 01:15:54 AM,55.081,92.500,0.2935,0.00,1.12,139.0,1.2,0.000,4.291
1818,03/09/16 01:25:54 AM,54.777,93.700,0.2935,0.00,0.00,139.0,1.2,0.000,4.291
1819,03/09/16 01:35:54 AM,54.734,94.900,0.2932,0.00,1.70,139.0,1.2,0.000,4.291
1820,03/09/16 01:45:54 AM,54.995,95.200,0.2932,0.00,1.70,139.0,1.2,0.000,4.291
1821,03/09/16 01:55:54 AM,55.472,94.300,0.2932,0.00,1.12,139.0,1.2,0.000,4.291
1822,03/09/16 02:05:54 AM,55.558,92.700,0.2932,0.00,1.70,139.0,1.2,0.000,4.291
1823,03/09/16 02:15:54 AM,55.256,92.800,0.2932,0.00,0.00,139.0,1.2,0.000,4.291
1824,03/09/16 02:25:54 AM,55.168,93.600,0.2928,0.00,0.00,139.0,1.2,0.000,4.291
1825,03/09/16 02:35:54 AM,55.299,93.500,0.2928,0.00,0.00,139.0,1.2,0.000,4.291
1826,03/09/16 02:45:54 AM,55.213,93.500,0.2928,0.00,0.00,139.0,1.2,0.000,4.291
1827,03/09/16 02:55:54 AM,55.213,93.800,0.2928,0.00,0.00,139.0,1.2,0.000,4.291
1828,03/09/16 03:05:54 AM,54.995,94.100,0.2928,0.00,0.00,139.0,1.2,0.000,4.291
1829,03/09/16 03:15:54 AM,54.952,95.200,0.2928,0.00,2.82,139.0,1.2,0.000,4.291
1830,03/09/16 03:25:54 AM,55.647,94.600,0.2928,0.00,0.00,139.0,1.2,0.000,4.291
1831,03/09/16 03:35:54 AM,54.865,94.300,0.2925,0.00,2.26,139.0,1.2,0.000,4.291
1832,03/09/16 03:45:54 AM,54.865,95.100,0.2925,0.00,0.56,139.0,1.2,0.000,4.291
1833,03/09/16 03:55:54 AM,54.648,95.200,0.2925,0.00,0.00,139.0,1.2,0.000,4.291
1834,03/09/16 04:05:54 AM,54.820,95.600,0.2925,0.56,2.82,139.0,1.2,0.000,4.291
1835,03/09/16 04:15:54 AM,55.168,94.900,0.2925,0.00,3.38,137.6,1.2,0.000,4.291
1836,03/09/16 04:25:54 AM,55.299,93.600,0.2925,0.00,0.00,137.6,1.2,0.000,4.291
1837,03/09/16 04:35:54 AM,55.168,92.600,0.2922,0.00,0.00,137.6,1.2,0.000,4.291
1838,03/09/16 04:45:54 AM,55.038,92.700,0.2922,0.00,1.70,137.6,1.2,0.000,4.291
1839,03/09/16 04:55:54 AM,54.777,92.300,0.2922,0.56,3.38,137.6,1.2,0.000,4.291
1840,03/09/16 05:05:54 AM,55.038,91.500,0.2922,1.70,3.94,136.2,1.2,0.000,4.291
1841,03/09/16 05:15:54 AM,54.387,91.300,0.2922,1.12,3.38,134.8,1.2,0.000,4.291
1842,03/09/16 05:25:54 AM,54.126,92.700,0.2922,0.00,1.12,134.8,1.2,0.000,4.291
1843,03/09/16 05:35:54 AM,53.645,93.300,0.2922,0.00,0.00,134.8,1.2,0.000,4.291
1844,03/09/16 05:45:54 AM,52.992,93.700,0.2922,0.00,0.00,134.8,1.2,0.000,4.291
1845,03/09/16 05:55:54 AM,52.729,95.200,0.2922,0.00,0.00,134.8,1.2,0.000,4.291
1846,03/09/16 06:05:54 AM,52.641,96.100,0.2922,0.00,0.56,134.8,1.2,0.000,4.291
1847,03/09/16 06:15:54 AM,52.729,96.400,0.2922,0.00,1.12,134.8,6.2,0.000,4.291
1848,03/09/16 06:25:54 AM,52.903,96.500,0.2922,0.00,1.70,134.8,16.2,0.000,4.291
1849,03/09/16 06:35:54 AM,54.082,96.100,0.2922,0.56,2.82,134.8,28.7,0.000,4.291
1850,03/09/16 06:45:54 AM,55.038,93.700,0.2919,0.00,2.82,134.8,43.7,0.000,4.291
1851,03/09/16 06:55:54 AM,55.819,91.600,0.2922,0.56,2.26,133.4,71.2,0.000,4.291
1852,03/09/16 07:05:54 AM,55.992,91.100,0.2919,0.00,1.12,130.6,106.2,0.000,4.315
1853,03/09/16 07:15:54 AM,56.122,90.100,0.2919,0.00,0.56,130.6,156.2,0.000,4.339
1854,03/09/16 07:25:54 AM,55.515,91.900,0.2919,0.00,0.56,130.6,231.2,0.000,4.412
1855,03/09/16 07:35:54 AM,56.512,93.300,0.2919,0.00,0.00,130.6,256.2,0.000,4.393
1856,03/09/16 07:45:54 AM,56.772,93.400,0.2919,0.00,0.00,130.6,313.7,0.000,4.381
1857,03/09/16 07:55:54 AM,58.109,93.400,0.2919,0.00,0.00,130.6,398.7,0.000,4.369
1858,03/09/16 08:05:54 AM,59.099,92.300,0.2919,0.00,1.70,96.9,518.7,0.000,4.363
1859,03/09/16 08:15:54 AM,59.358,90.800,0.2919,0.00,2.26,18.3,608.7,0.000,4.381
1860,03/09/16 08:25:54 AM,59.702,90.300,0.2919,0.00,2.82,344.0,653.7,0.000,4.363
1861,03/09/16 08:35:54 AM,59.272,90.000,0.2914,0.00,3.38,341.2,726.2,0.000,4.363
1862,03/09/16 08:45:54 AM,60.174,90.300,0.2914,0.56,3.94,322.9,838.7,0.000,4.466
1863,03/09/16 08:55:54 AM,59.830,89.400,0.2914,0.56,2.82,307.5,703.7,0.000,4.381
1864,03/09/16 09:05:54 AM,61.248,88.600,0.2914,0.56,2.82,306.1,961.2,0.000,4.363
1865,03/09/16 09:15:54 AM,62.447,87.000,0.2914,0.00,2.82,296.2,1061.2,0.000,4.357
1866,03/09/16 09:25:54 AM,63.433,84.600,0.2911,0.56,3.94,308.9,1113.7,0.000,4.393
1867,03/09/16 09:35:54 AM,63.219,84.400,0.2911,2.26,5.64,321.5,1161.2,0.000,4.369
1868,03/09/16 09:45:54 AM,63.862,81.900,0.2911,1.12,3.94,327.1,1161.2,0.000,4.363
1869,03/09/16 09:55:54 AM,64.418,79.000,0.2911,1.12,5.08,317.3,1316.2,0.000,4.351
1870,03/09/16 10:05:54 AM,66.173,77.500,0.2911,0.56,3.94,315.9,1316.2,0.000,4.381
1871,03/09/16 10:15:54 AM,66.943,74.500,0.2911,0.56,3.38,296.2,1408.7,0.000,4.363
1872,03/09/16 10:25:54 AM,67.114,73.700,0.2911,1.70,5.08,327.1,1496.2,0.000,4.357
1873,03/09/16 10:35:54 AM,66.643,72.300,0.2911,1.70,5.08,321.5,1241.2,0.000,4.345
1874,03/09/16 10:45:54 AM,67.885,71.400,0.2911,1.70,10.13,210.6,1301.2,0.000,4.363
1875,03/09/16 10:55:54 AM,68.443,70.100,0.2911,2.26,8.46,85.6,1378.7,0.000,4.351
1876,03/09/16 11:05:54 AM,67.928,69.100,0.2911,2.82,9.01,137.6,1321.2,0.000,4.369
1877,03/09/16 11:15:54 AM,67.842,69.300,0.2911,1.70,7.31,303.2,1026.2,0.000,4.393
1878,03/09/16 11:25:54 AM,67.372,71.600,0.2911,2.82,7.90,120.7,1163.7,0.000,4.351
1879,03/09/16 11:35:54 AM,66.857,69.400,0.2911,2.82,10.13,80.0,1416.2,0.000,4.357
1880,03/09/16 11:45:54 AM,68.185,68.100,0.2911,5.64,15.21,109.5,1448.7,0.000,4.357
1881,03/09/16 11:55:54 AM,66.814,66.000,0.2908,6.76,14.65,112.3,1141.2,0.000,4.351
1882,03/09/16 12:05:54 PM,67.971,66.900,0.2908,6.20,12.39,129.2,1178.7,0.000,4.363
1883,03/09/16 12:15:54 PM,65.788,66.300,0.2908,6.76,13.51,110.9,1078.7,0.000,4.351
1884,03/09/16 12:25:54 PM,66.729,68.400,0.2908,2.82,11.83,127.8,633.7,0.000,4.363
1885,03/09/16 12:35:54 PM,66.515,67.600,0.2908,1.70,6.76,136.2,548.7,0.000,4.351
1886,03/09/16 12:45:54 PM,67.885,67.400,0.2904,2.82,9.01,101.1,956.2,0.000,4.363
1887,03/09/16 12:55:54 PM,67.757,64.900,0.2904,3.94,15.77,338.3,1286.2,0.000,4.363
1888,03/09/16 01:05:54 PM,70.243,64.100,0.2901,3.38,12.95,87.0,1351.2,0.000,4.351
1889,03/09/16 01:15:54 PM,67.158,63.800,0.2901,3.94,12.39,105.3,866.2,0.000,4.357
1890,03/09/16 01:25:54 PM,67.500,66.000,0.2901,2.82,11.27,348.2,743.7,0.000,4.357
1891,03/09/16 01:35:54 PM,66.729,65.900,0.2901,2.26,9.01,266.7,623.7,0.000,4.351
1892,03/09/16 01:45:54 PM,67.028,66.200,0.2901,3.38,12.39,346.8,826.2,0.000,4.363
1893,03/09/16 01:55:54 PM,67.714,63.700,0.2898,3.94,9.57,318.7,1121.2,0.000,4.351
1894,03/09/16 02:05:54 PM,66.344,64.600,0.2898,2.82,9.01,247.1,486.2,0.000,4.369
1895,03/09/16 02:15:54 PM,66.472,66.200,0.2898,2.26,10.13,334.1,441.2,0.000,4.357
1896,03/09/16 02:25:54 PM,65.530,65.800,0.2895,3.94,15.21,160.0,401.2,0.000,4.351
1897,03/09/16 02:35:54 PM,65.916,66.900,0.2895,3.94,11.83,99.7,488.7,0.000,4.363
1898,03/09/16 02:45:54 PM,65.102,66.600,0.2895,6.76,16.89,151.6,333.7,0.000,4.351
1899,03/09/16 02:55:54 PM,65.316,65.900,0.2890,9.01,22.53,130.6,438.7,0.000,4.369
1900,03/09/16 03:05:54 PM,65.017,65.400,0.2890,7.90,14.65,122.1,406.2,0.000,4.357
1901,03/09/16 03:15:54 PM,65.145,66.500,0.2890,4.50,14.09,144.6,373.7,0.000,4.363
1902,03/09/16 03:25:54 PM,64.888,66.500,0.2890,9.01,16.33,141.8,351.2,0.000,4.363
1903,03/09/16 03:35:54 PM,64.717,67.900,0.2890,10.13,17.47,137.6,313.7,0.000,4.351
1904,03/09/16 03:45:54 PM,64.803,68.000,0.2890,9.01,15.77,143.2,406.2,0.000,4.369
1905,03/09/16 03:55:54 PM,64.589,68.800,0.2890,10.13,16.89,130.6,306.2,0.000,4.357
1906,03/09/16 04:05:54 PM,63.990,69.400,0.2887,10.13,19.15,136.2,291.2,0.000,4.357
1907,03/09/16 04:15:54 PM,63.903,70.500,0.2887,11.27,19.71,143.2,178.7,0.000,4.363
1908,03/09/16 04:25:54 PM,64.074,69.900,0.2887,7.90,18.59,134.8,283.7,0.000,4.363
1909,03/09/16 04:35:54 PM,63.862,69.700,0.2887,12.39,21.97,129.2,208.7,0.000,4.351
1910,03/09/16 04:45:54 PM,63.732,68.900,0.2884,12.39,27.04,129.2,191.2,0.000,4.357
1911,03/09/16 04:55:54 PM,63.775,68.000,0.2884,12.39,24.23,124.9,163.7,0.000,4.363
1912,03/09/16 05:05:54 PM,63.732,68.100,0.2887,12.39,24.79,124.9,131.2,0.000,4.363
1913,03/09/16 05:15:54 PM,63.775,69.000,0.2887,3.94,12.95,143.2,98.7,0.000,4.351
1914,03/09/16 05:25:54 PM,63.732,67.500,0.2884,3.38,12.95,112.3,76.2,0.000,4.351
1915,03/09/16 05:35:54 PM,63.946,69.000,0.2884,6.76,22.53,148.8,46.2,0.000,4.345
1916,03/09/16 05:45:54 PM,63.475,68.900,0.2884,5.64,18.03,155.8,33.7,0.000,4.339
1917,03/09/16 05:55:54 PM,63.304,70.300,0.2884,7.90,19.71,154.4,18.7,0.000,4.339
1918,03/09/16 06:05:54 PM,63.090,69.600,0.2884,5.64,14.09,153.0,6.2,0.000,4.339
1919,03/09/16 06:15:54 PM,63.005,71.200,0.2884,2.82,11.27,102.5,1.2,0.000,4.339
1920,03/09/16 06:25:54 PM,63.048,72.000,0.2884,6.20,13.51,119.3,1.2,0.000,4.351
1921,03/09/16 06:35:54 PM,63.133,70.500,0.2884,6.20,15.77,139.0,1.2,0.000,4.363
1922,03/09/16 06:45:54 PM,63.176,72.000,0.2881,6.76,20.85,136.2,1.2,0.000,4.333
1923,03/09/16 06:55:54 PM,63.090,72.700,0.2881,3.38,14.09,144.6,1.2,0.000,4.327
1924,03/09/16 07:05:54 PM,62.962,73.400,0.2881,5.08,12.95,139.0,1.2,0.000,4.327
1925,03/09/16 07:15:54 PM,63.219,72.900,0.2881,8.46,18.03,134.8,1.2,0.000,4.321
1926,03/09/16 07:25:54 PM,62.919,74.100,0.2881,8.46,17.47,133.4,1.2,0.000,4.321
1927,03/09/16 07:35:54 PM,63.176,75.000,0.2881,7.90,13.51,132.0,1.2,0.000,4.321
1928,03/09/16 07:45:54 PM,62.875,75.900,0.2881,7.90,14.09,139.0,1.2,0.000,4.321
1929,03/09/16 07:55:54 PM,63.090,76.100,0.2881,7.90,16.89,130.6,1.2,0.000,4.321
1930,03/09/16 08:05:54 PM,62.704,76.400,0.2881,6.20,14.09,132.0,1.2,0.000,4.321
1931,03/09/16 08:15:54 PM,62.748,77.100,0.2881,7.31,13.51,132.0,1.2,0.000,4.321
1932,03/09/16 08:25:54 PM,62.661,77.700,0.2877,8.46,16.89,134.8,1.2,0.000,4.321
1933,03/09/16 08:35:54 PM,62.447,78.600,0.2881,7.31,19.15,133.4,1.2,0.000,4.321
1934,03/09/16 08:45:54 PM,61.290,79.800,0.2877,8.46,18.03,139.0,1.2,0.000,4.315
1935,03/09/16 08:55:54 PM,61.720,80.000,0.2877,7.31,16.89,132.0,1.2,0.000,4.315
1936,03/09/16 09:05:54 PM,61.290,81.300,0.2877,1.70,11.83,109.5,1.2,0.000,4.315
1937,03/09/16 09:15:54 PM,61.333,82.400,0.2877,0.56,6.76,162.9,1.2,0.000,4.315
1938,03/09/16 09:25:54 PM,61.462,82.900,0.2877,0.00,3.38,116.5,1.2,0.000,4.315
1939,03/09/16 09:35:54 PM,61.977,82.500,0.2877,3.38,15.21,248.5,1.2,0.000,4.315
1940,03/09/16 09:45:54 PM,61.677,82.200,0.2877,2.26,6.76,63.2,1.2,0.000,4.309
1941,03/09/16 09:55:54 PM,61.633,82.400,0.2877,1.12,7.31,320.1,1.2,0.000,4.309
1942,03/09/16 10:05:54 PM,60.690,82.700,0.2864,2.82,13.51,275.2,1.2,0.000,4.309
1943,03/09/16 10:15:54 PM,60.390,85.600,0.2868,1.12,6.76,290.6,1.2,0.000,4.309
1944,03/09/16 10:25:54 PM,60.517,84.500,0.2868,1.12,10.13,336.9,1.2,0.000,4.309
1945,03/09/16 10:35:54 PM,61.248,84.200,0.2868,2.82,11.27,315.9,1.2,0.000,4.309
1946,03/09/16 10:45:54 PM,61.119,84.100,0.2871,1.70,10.13,335.5,1.2,0.000,4.303
1947,03/09/16 10:55:54 PM,60.904,85.100,0.2874,0.56,5.64,328.5,1.2,0.000,4.303
1948,03/09/16 11:05:54 PM,60.948,85.500,0.2874,1.70,6.76,322.9,1.2,0.000,4.303
1949,03/09/16 11:15:54 PM,61.075,83.400,0.2874,0.56,5.64,315.9,1.2,0.000,4.303
1950,03/09/16 11:25:54 PM,61.376,83.000,0.2874,1.12,7.90,238.7,1.2,0.000,4.303
1951,03/09/16 11:35:54 PM,61.761,83.000,0.2874,2.82,17.47,193.7,1.2,0.008,4.303
1952,03/09/16 11:45:54 PM,61.462,82.700,0.2874,1.70,9.01,133.4,1.2,0.000,4.303
1953,03/09/16 11:55:54 PM,61.761,82.100,0.2874,1.12,9.57,154.4,1.2,0.000,4.303
1954,03/10/16 12:05:54 AM,61.934,81.600,0.2874,1.70,9.01,117.9,1.2,0.000,4.303
1955,03/10/16 12:15:54 AM,61.590,81.900,0.2874,0.56,6.76,88.4,1.2,0.000,4.303
1956,03/10/16 12:25:54 AM,61.891,81.500,0.2874,1.12,7.90,141.8,1.2,0.000,4.303
1957,03/10/16 12:35:54 AM,61.462,81.600,0.2874,1.70,6.76,181.1,1.2,0.000,4.297
1958,03/10/16 12:45:54 AM,61.547,82.100,0.2874,1.12,8.46,113.7,1.2,0.000,4.303
1959,03/10/16 12:55:54 AM,61.633,81.600,0.2874,1.70,10.13,176.9,1.2,0.000,4.297
1960,03/10/16 01:05:54 AM,61.677,81.300,0.2874,2.26,9.57,178.3,1.2,0.000,4.297
1961,03/10/16 01:15:54 AM,61.376,81.500,0.2874,1.70,9.57,199.4,1.2,0.000,4.297
1962,03/10/16 01:25:54 AM,61.205,82.000,0.2874,0.56,6.76,129.2,1.2,0.000,4.297
1963,03/10/16 01:35:54 AM,61.462,82.500,0.2874,3.38,12.39,147.4,1.2,0.000,4.297
1964,03/10/16 01:45:54 AM,61.205,82.700,0.2874,1.12,6.76,146.0,1.2,0.000,4.297
1965,03/10/16 01:55:54 AM,60.948,83.000,0.2874,0.00,4.50,144.6,1.2,0.000,4.297
1966,03/10/16 02:05:54 AM,61.119,83.400,0.2874,3.38,10.13,144.6,1.2,0.000,4.297
1967,03/10/16 02:15:54 AM,60.991,82.900,0.2874,2.82,8.46,141.8,1.2,0.000,4.297
1968,03/10/16 02:25:54 AM,60.818,81.900,0.2874,3.38,9.01,137.6,1.2,0.000,4.297
1969,03/10/16 02:35:54 AM,60.775,82.200,0.2874,1.70,8.46,144.6,1.2,0.000,4.297
1970,03/10/16 02:45:54 AM,60.217,82.200,0.2871,0.00,3.38,147.4,1.2,0.000,4.297
1971,03/10/16 02:55:54 AM,60.561,82.700,0.2874,1.12,6.76,150.2,1.2,0.000,4.297
1972,03/10/16 03:05:54 AM,60.861,80.400,0.2874,2.26,9.01,136.2,1.2,0.000,4.297
1973,03/10/16 03:15:54 AM,60.089,79.300,0.2871,0.56,7.31,132.0,1.2,0.000,4.297
1974,03/10/16 03:25:54 AM,58.455,80.700,0.2874,0.00,1.12,136.2,1.2,0.000,4.297
1975,03/10/16 03:35:54 AM,57.074,86.400,0.2871,0.00,1.70,276.6,1.2,0.000,4.297
1976,03/10/16 03:45:54 AM,56.295,89.200,0.2874,0.00,1.12,355.2,1.2,0.000,4.297
1977,03/10/16 03:55:54 AM,55.906,90.800,0.2874,0.00,0.56,66.0,1.2,0.000,4.297
1978,03/10/16 04:05:54 AM,55.690,91.600,0.2871,0.00,0.56,87.0,1.2,0.000,4.297
1979,03/10/16 04:15:54 AM,55.256,91.900,0.2871,0.00,0.00,87.0,1.2,0.000,4.297
1980,03/10/16 04:25:54 AM,55.342,91.100,0.2871,0.00,2.82,148.8,1.2,0.000,4.297
1981,03/10/16 04:35:54 AM,54.734,91.000,0.2871,0.00,1.12,150.2,1.2,0.000,4.297
1982,03/10/16 04:45:54 AM,54.820,91.200,0.2871,0.00,0.56,150.2,1.2,0.000,4.297
1983,03/10/16 04:55:54 AM,54.561,91.000,0.2871,0.00,0.00,150.2,1.2,0.000,4.291
1984,03/10/16 05:05:54 AM,54.995,91.300,0.2871,0.00,1.70,148.8,1.2,0.000,4.291
1985,03/10/16 05:15:54 AM,54.952,90.300,0.2871,0.00,0.56,144.6,1.2,0.000,4.291
1986,03/10/16 05:25:54 AM,54.169,91.100,0.2871,0.00,1.12,144.6,1.2,0.000,4.291
1987,03/10/16 05:35:54 AM,54.473,91.200,0.2871,0.00,1.12,146.0,1.2,0.000,4.291
1988,03/10/16 05:45:54 AM,54.082,91.600,0.2871,0.00,1.70,146.0,1.2,0.000,4.291
1989,03/10/16 05:55:54 AM,54.820,91.800,0.2871,0.00,2.26,143.2,1.2,0.000,4.291
1990,03/10/16 06:05:54 AM,55.992,89.500,0.2871,0.56,3.94,133.4,1.2,0.000,4.291
1991,03/10/16 06:15:54 AM,54.561,89.800,0.2871,0.00,2.26,140.4,6.2,0.000,4.291
1992,03/10/16 06:25:54 AM,53.820,91.500,0.2871,0.00,0.00,134.8,21.2,0.000,4.291
1993,03/10/16 06:35:54 AM,53.776,92.900,0.2871,0.00,0.00,134.8,41.2,0.000,4.291
1994,03/10/16 06:45:54 AM,54.255,93.200,0.2871,0.00,0.00,134.8,68.7,0.000,4.303
1995,03/10/16 06:55:54 AM,53.865,93.300,0.2871,0.00,0.00,134.8,98.7,0.000,4.321
1996,03/10/16 07:05:54 AM,54.604,93.200,0.2871,0.00,0.00,134.8,131.2,0.000,4.339
1997,03/10/16 07:15:54 AM,55.386,92.800,0.2868,0.00,0.00,134.8,168.7,0.000,4.393
1998,03/10/16 07:25:54 AM,57.376,90.300,0.2868,0.00,2.82,130.6,236.2,0.000,4.393
1999,03/10/16 07:35:54 AM,59.315,87.200,0.2868,0.00,3.38,122.1,291.2,0.000,4.381
2000,03/10/16 07:45:54 AM,60.604,85.300,0.2868,0.00,1.70,119.3,353.7,0.000,4.369
2001,03/10/16 07:55:54 AM,61.162,84.000,0.2868,0.00,1.12,92.7,421.2,0.000,4.363
2002,03/10/16 08:05:54 AM,58.325,86.500,0.2868,0.56,3.94,346.8,473.7,0.000,4.381
2003,03/10/16 08:15:54 AM,59.315,89.600,0.2868,0.00,1.70,308.9,556.2,0.000,4.363
